########################################
O1
{'mpi': array([0.4311(15), 0.3413(12), 0.4112(23), 0.3589(12), 0.3017(14)],
      dtype=object),'fpi': array([0.16363(70), 0.15165(70), 0.16206(95), 0.15432(70), 0.14756(95)],
      dtype=object),'a2': array([0.3142(18), 0.3142(18), 0.1762(12), 0.1762(12), 0.1762(12)],
      dtype=object),'alpha': -0.34(17),'beta': -1.41(11),'c': -0.50(78)}
Covariance matrix
{('mpi', 'mpi'): array([[ 2.23635217e-06,  2.15393468e-07,  5.09886596e-07,
        -4.78682651e-08, -4.01373065e-07],
       [ 2.15393468e-07,  1.48148799e-06, -4.29575414e-07,
         4.21945203e-08,  3.36983671e-07],
       [ 5.09886596e-07, -4.29575414e-07,  5.13745980e-06,
         1.16088909e-06,  3.13562409e-07],
       [-4.78682651e-08,  4.21945203e-08,  1.16088909e-06,
         1.40781330e-06,  7.02506033e-07],
       [-4.01373065e-07,  3.36983671e-07,  3.13562409e-07,
         7.02506033e-07,  2.09410530e-06]]),('mpi', 'fpi'): array([[-1.85263620e-07, -1.03465252e-07, -1.22021147e-07,
         1.08259372e-08,  1.16894343e-07],
       [-8.38353194e-08,  1.09349303e-07,  1.02801849e-07,
        -9.54275710e-09, -9.81418241e-08],
       [-1.98457762e-07,  2.06348544e-07,  2.71671500e-07,
        -2.62547897e-07, -9.13207060e-08],
       [ 1.86312581e-08, -2.02683337e-08, -2.77812790e-07,
        -4.76397098e-09, -2.04595146e-07],
       [ 1.56222189e-07, -1.61871671e-07, -7.50387341e-08,
        -1.58879504e-07, -1.76975615e-07]]),('mpi', 'a2'): array([[-1.18242978e-08,  1.20588293e-08,  4.71234292e-09,
        -5.36970430e-10, -4.43314780e-09],
       [ 9.97157502e-09, -1.01844744e-08, -3.97011155e-09,
         4.73324229e-10,  3.72196978e-09],
       [ 2.36050447e-08, -2.40498314e-08, -1.60446136e-08,
         1.30224714e-08,  3.46328297e-09],
       [-2.21604676e-09,  2.36226531e-09,  1.07288709e-08,
        -1.85080063e-08,  7.75914814e-09],
       [-1.85814438e-08,  1.88660715e-08,  2.89792595e-09,
         7.88048127e-09, -1.11727961e-08]]),('mpi', 'alpha'): array([[ 4.66512972e-05],
       [ 9.41660752e-05],
       [-2.04602950e-04],
       [-9.65516711e-05],
       [-2.22367860e-05]]),('mpi', 'beta'): array([[ 7.89494921e-05],
       [-2.85766910e-05],
       [-1.49703458e-06],
       [-6.27678600e-05],
       [-9.77384641e-05]]),('mpi', 'c'): array([[ 4.00529610e-04],
       [-4.24202789e-04],
       [ 8.15096717e-04],
       [ 6.05399444e-05],
       [-4.21552269e-04]]),('fpi', 'mpi'): array([[-1.85263620e-07, -8.38353194e-08, -1.98457762e-07,
         1.86312581e-08,  1.56222189e-07],
       [-1.03465252e-07,  1.09349303e-07,  2.06348544e-07,
        -2.02683337e-08, -1.61871671e-07],
       [-1.22021147e-07,  1.02801849e-07,  2.71671500e-07,
        -2.77812790e-07, -7.50387341e-08],
       [ 1.08259372e-08, -9.54275710e-09, -2.62547897e-07,
        -4.76397098e-09, -1.58879504e-07],
       [ 1.16894343e-07, -9.81418241e-08, -9.13207060e-08,
        -2.04595146e-07, -1.76975615e-07]]),('fpi', 'fpi'): array([[ 4.89105777e-07,  4.02706848e-08,  4.74929992e-08,
        -4.21366493e-09, -4.54975476e-08],
       [ 4.02706848e-08,  4.93903092e-07, -4.93813452e-08,
         4.58390767e-09,  4.71428808e-08],
       [ 4.74929992e-08, -4.93813452e-08,  9.01001362e-07,
         6.28304328e-08,  2.18539914e-08],
       [-4.21366493e-09,  4.58390767e-09,  6.28304328e-08,
         4.88717076e-07,  4.62714535e-08],
       [-4.54975476e-08,  4.71428808e-08,  2.18539914e-08,
         4.62714535e-08,  8.97311181e-07]]),('fpi', 'a2'): array([[ 4.60224626e-09, -4.69353047e-09, -1.83413535e-09,
         2.08999316e-10,  1.72546719e-09],
       [-4.78989235e-09,  4.89215954e-09,  1.90706151e-09,
        -2.27363491e-10, -1.78786546e-09],
       [-5.64893184e-09,  5.75537391e-09,  3.83964232e-09,
        -3.11641236e-09, -8.28799508e-10],
       [ 5.01183466e-10, -5.34252408e-10, -2.42645273e-09,
         4.18579017e-09, -1.75481711e-09],
       [ 5.41158801e-09, -5.49448187e-09, -8.43980771e-10,
        -2.29508096e-09,  3.25392202e-09]]),('fpi', 'alpha'): array([[-1.81575905e-05],
       [-4.52331114e-05],
       [ 4.89636063e-05],
       [ 2.18362275e-05],
       [ 6.47615576e-06]]),('fpi', 'beta'): array([[-3.07286750e-05],
       [ 1.37269462e-05],
       [ 3.58255890e-07],
       [ 1.41956453e-05],
       [ 2.84649731e-05]]),('fpi', 'c'): array([[-1.55893900e-04],
       [ 2.03767779e-04],
       [-1.95061092e-04],
       [-1.36917775e-05],
       [ 1.22771256e-04]]),('a2', 'mpi'): array([[-1.18242978e-08,  9.97157502e-09,  2.36050447e-08,
        -2.21604676e-09, -1.85814438e-08],
       [ 1.20588293e-08, -1.01844744e-08, -2.40498314e-08,
         2.36226531e-09,  1.88660715e-08],
       [ 4.71234292e-09, -3.97011155e-09, -1.60446136e-08,
         1.07288709e-08,  2.89792595e-09],
       [-5.36970430e-10,  4.73324229e-10,  1.30224714e-08,
        -1.85080063e-08,  7.88048127e-09],
       [-4.43314780e-09,  3.72196978e-09,  3.46328297e-09,
         7.75914814e-09, -1.11727961e-08]]),('a2', 'fpi'): array([[ 4.60224626e-09, -4.78989235e-09, -5.64893184e-09,
         5.01183466e-10,  5.41158801e-09],
       [-4.69353047e-09,  4.89215954e-09,  5.75537391e-09,
        -5.34252408e-10, -5.49448187e-09],
       [-1.83413535e-09,  1.90706151e-09,  3.83964232e-09,
        -2.42645273e-09, -8.43980771e-10],
       [ 2.08999316e-10, -2.27363491e-10, -3.11641236e-09,
         4.18579017e-09, -2.29508096e-09],
       [ 1.72546719e-09, -1.78786546e-09, -8.28799508e-10,
        -1.75481711e-09,  3.25392202e-09]]),('a2', 'a2'): array([[ 3.10137479e-06,  5.58259831e-10,  2.18156481e-10,
        -2.48588825e-11, -2.05231228e-10],
       [ 5.58259831e-10,  3.10135201e-06, -2.22267174e-10,
         2.64991141e-11,  2.08374928e-10],
       [ 2.18156481e-10, -2.22267174e-10,  1.40133984e-06,
         1.20352940e-10,  3.20074643e-11],
       [-2.48588825e-11,  2.64991141e-11,  1.20352940e-10,
         1.40128051e-06,  8.70395680e-11],
       [-2.05231228e-10,  2.08374928e-10,  3.20074643e-11,
         8.70395680e-11,  1.40136472e-06]]),('a2', 'alpha'): array([[ 2.15970760e-06],
       [ 5.27189909e-06],
       [-1.89092882e-06],
       [-1.08308484e-06],
       [-2.45604321e-07]]),('a2', 'beta'): array([[ 3.65494270e-06],
       [-1.59986949e-06],
       [-1.38355085e-08],
       [-7.04109178e-07],
       [-1.07951702e-06]]),('a2', 'c'): array([[ 1.85423964e-05],
       [-2.37490444e-05],
       [ 7.53307750e-06],
       [ 6.79117154e-07],
       [-4.65602621e-06]]),('alpha', 'mpi'): array([[ 4.66512972e-05,  9.41660752e-05, -2.04602950e-04,
        -9.65516711e-05, -2.22367860e-05]]),('alpha', 'fpi'): array([[-1.81575905e-05, -4.52331114e-05,  4.89636063e-05,
         2.18362275e-05,  6.47615576e-06]]),('alpha', 'a2'): array([[ 2.15970760e-06,  5.27189909e-06, -1.89092882e-06,
        -1.08308484e-06, -2.45604321e-07]]),('alpha', 'alpha'): array([[0.02744522]]),('alpha', 'beta'): array([[0.00238472]]),('alpha', 'c'): array([[-0.07935939]]),('beta', 'mpi'): array([[ 7.89494921e-05, -2.85766910e-05, -1.49703458e-06,
        -6.27678600e-05, -9.77384641e-05]]),('beta', 'fpi'): array([[-3.07286750e-05,  1.37269462e-05,  3.58255890e-07,
         1.41956453e-05,  2.84649731e-05]]),('beta', 'a2'): array([[ 3.65494270e-06, -1.59986949e-06, -1.38355085e-08,
        -7.04109178e-07, -1.07951702e-06]]),('beta', 'alpha'): array([[0.00238472]]),('beta', 'beta'): array([[0.01180937]]),('beta', 'c'): array([[0.05740615]]),('c', 'mpi'): array([[ 4.00529610e-04, -4.24202789e-04,  8.15096717e-04,
         6.05399444e-05, -4.21552269e-04]]),('c', 'fpi'): array([[-1.55893900e-04,  2.03767779e-04, -1.95061092e-04,
        -1.36917775e-05,  1.22771256e-04]]),('c', 'a2'): array([[ 1.85423964e-05, -2.37490444e-05,  7.53307750e-06,
         6.79117154e-07, -4.65602621e-06]]),('c', 'alpha'): array([[-0.07935939]]),('c', 'beta'): array([[0.05740615]]),('c', 'c'): array([[0.6071514]])}
Correlation matrix
{('mpi', 'mpi'): array([[ 1.        ,  0.11833504,  0.15042821, -0.02697771, -0.18547222],
       [ 0.11833504,  1.        , -0.15570987,  0.02921692,  0.19132007],
       [ 0.15042821, -0.15570987,  1.        ,  0.43166216,  0.09559838],
       [-0.02697771,  0.02921692,  0.43166216,  1.        ,  0.40914596],
       [-0.18547222,  0.19132007,  0.09559838,  0.40914596,  1.        ]]),('mpi', 'fpi'): array([[-0.17714082, -0.09844724, -0.08596116,  0.01035539,  0.0825186 ],
       [-0.09848647,  0.12783391,  0.08897933, -0.01121492, -0.08512037],
       [-0.12519658,  0.12954072,  0.12627202, -0.16569354, -0.04253275],
       [ 0.02245268, -0.02430662, -0.24667037, -0.00574338, -0.18203347],
       [ 0.15436259, -0.15916615, -0.05462903, -0.15705069, -0.12910487]]),('mpi', 'a2'): array([[-0.00448981,  0.00457888,  0.00266192, -0.00030333, -0.00250419],
       [ 0.00465198, -0.00475132, -0.00275538,  0.00032851,  0.00258314],
       [ 0.00591362, -0.00602507, -0.00597975,  0.00485352,  0.00129074],
       [-0.00106055,  0.00113053,  0.00763853, -0.01317724,  0.00552416],
       [-0.00729127,  0.00740298,  0.00169167,  0.00460035, -0.00652209]]),('mpi', 'alpha'): array([[ 0.18830431],
       [ 0.46699478],
       [-0.5448843 ],
       [-0.49119495],
       [-0.09275544]]),('mpi', 'beta'): array([[ 0.48580932],
       [-0.21604761],
       [-0.00607777],
       [-0.48680092],
       [-0.62151677]]),('mpi', 'c'): array([[ 0.34372888],
       [-0.44727637],
       [ 0.46151564],
       [ 0.06548186],
       [-0.37385541]]),('fpi', 'mpi'): array([[-0.17714082, -0.09848647, -0.12519658,  0.02245268,  0.15436259],
       [-0.09844724,  0.12783391,  0.12954072, -0.02430662, -0.15916615],
       [-0.08596116,  0.08897933,  0.12627202, -0.24667037, -0.05462903],
       [ 0.01035539, -0.01121492, -0.16569354, -0.00574338, -0.15705069],
       [ 0.0825186 , -0.08512037, -0.04253275, -0.18203347, -0.12910487]]),('fpi', 'fpi'): array([[ 1.        ,  0.08193449,  0.07154272, -0.00861846, -0.06867759],
       [ 0.08193449,  1.        , -0.07402515,  0.0093301 ,  0.07081475],
       [ 0.07154272, -0.07402515,  1.        ,  0.09468443,  0.02430505],
       [-0.00861846,  0.0093301 ,  0.09468443,  1.        ,  0.06987356],
       [-0.06867759,  0.07081475,  0.02430505,  0.06987356,  1.        ]]),('fpi', 'a2'): array([[ 0.00373673, -0.00381086, -0.00221543,  0.00025245,  0.00208415],
       [-0.00387015,  0.00395279,  0.0022923 , -0.0002733 , -0.00214901],
       [-0.0033793 ,  0.00344299,  0.00341709, -0.00277351, -0.00073758],
       [ 0.00040709, -0.00043395, -0.00293205,  0.00505809, -0.00212045],
       [ 0.00324396, -0.00329367, -0.00075264, -0.00204675,  0.00290175]]),('fpi', 'alpha'): array([[-0.15671965],
       [-0.38851001],
       [ 0.31137038],
       [ 0.1885452 ],
       [ 0.0412679 ]]),('fpi', 'beta'): array([[-0.40432355],
       [ 0.1797379 ],
       [ 0.0034731 ],
       [ 0.18685855],
       [ 0.27651955]]),('fpi', 'c'): array([[-0.28607455],
       [ 0.37210554],
       [-0.26372993],
       [-0.02513521],
       [ 0.16633232]]),('a2', 'mpi'): array([[-0.00448981,  0.00465198,  0.00591362, -0.00106055, -0.00729127],
       [ 0.00457888, -0.00475132, -0.00602507,  0.00113053,  0.00740298],
       [ 0.00266192, -0.00275538, -0.00597975,  0.00763853,  0.00169167],
       [-0.00030333,  0.00032851,  0.00485352, -0.01317724,  0.00460035],
       [-0.00250419,  0.00258314,  0.00129074,  0.00552416, -0.00652209]]),('a2', 'fpi'): array([[ 0.00373673, -0.00387015, -0.0033793 ,  0.00040709,  0.00324396],
       [-0.00381086,  0.00395279,  0.00344299, -0.00043395, -0.00329367],
       [-0.00221543,  0.0022923 ,  0.00341709, -0.00293205, -0.00075264],
       [ 0.00025245, -0.0002733 , -0.00277351,  0.00505809, -0.00204675],
       [ 0.00208415, -0.00214901, -0.00073758, -0.00212045,  0.00290175]]),('a2', 'a2'): array([[ 1.00000000e+00,  1.80004649e-04,  1.04645187e-04,
        -1.19245483e-05, -9.84443343e-05],
       [ 1.80004649e-04,  1.00000000e+00, -1.06617394e-04,
         1.27113970e-05,  9.99526563e-05],
       [ 1.04645187e-04, -1.06617394e-04,  1.00000000e+00,
         8.58860101e-05,  2.28404125e-05],
       [-1.19245483e-05,  1.27113970e-05,  8.58860101e-05,
         1.00000000e+00,  6.21124408e-05],
       [-9.84443343e-05,  9.99526563e-05,  2.28404125e-05,
         6.21124408e-05,  1.00000000e+00]]),('a2', 'alpha'): array([[ 0.0074026 ],
       [ 0.01807   ],
       [-0.00964207],
       [-0.00552289],
       [-0.00125235]]),('a2', 'beta'): array([[ 0.01909809],
       [-0.00835979],
       [-0.00010755],
       [-0.00547349],
       [-0.00839152]]),('a2', 'c'): array([[ 0.01351264],
       [-0.01730701],
       [ 0.00816681],
       [ 0.00073626],
       [-0.00504767]]),('alpha', 'mpi'): array([[ 0.18830431,  0.46699478, -0.5448843 , -0.49119495, -0.09275544]]),('alpha', 'fpi'): array([[-0.15671965, -0.38851001,  0.31137038,  0.1885452 ,  0.0412679 ]]),('alpha', 'a2'): array([[ 0.0074026 ,  0.01807   , -0.00964207, -0.00552289, -0.00125235]]),('alpha', 'alpha'): array([[1.]]),('alpha', 'beta'): array([[0.13246169]]),('alpha', 'c'): array([[-0.61477531]]),('beta', 'mpi'): array([[ 0.48580932, -0.21604761, -0.00607777, -0.48680092, -0.62151677]]),('beta', 'fpi'): array([[-0.40432355,  0.1797379 ,  0.0034731 ,  0.18685855,  0.27651955]]),('beta', 'a2'): array([[ 0.01909809, -0.00835979, -0.00010755, -0.00547349, -0.00839152]]),('beta', 'alpha'): array([[0.13246169]]),('beta', 'beta'): array([[1.]]),('beta', 'c'): array([[0.67794826]]),('c', 'mpi'): array([[ 0.34372888, -0.44727637,  0.46151564,  0.06548186, -0.37385541]]),('c', 'fpi'): array([[-0.28607455,  0.37210554, -0.26372993, -0.02513521,  0.16633232]]),('c', 'a2'): array([[ 0.01351264, -0.01730701,  0.00816681,  0.00073626, -0.00504767]]),('c', 'alpha'): array([[-0.61477531]]),('c', 'beta'): array([[0.67794826]]),('c', 'c'): array([[1.]])}
########################################
O2
{'mpi': array([0.4311(15), 0.3413(12), 0.4113(24), 0.3589(13), 0.3017(15)],
      dtype=object),'fpi': array([0.16361(68), 0.15166(68), 0.16203(89), 0.15438(63), 0.14749(86)],
      dtype=object),'a2': array([0.3142(18), 0.3142(18), 0.1762(12), 0.1762(12), 0.1762(12)],
      dtype=object),'alpha': 0.27(16),'beta': -2.77(19),'c': -1.11(69)}
Covariance matrix
{('mpi', 'mpi'): array([[ 2.22553890e-06,  2.04605431e-07,  4.05276156e-07,
        -2.57994670e-08, -3.60708217e-07],
       [ 2.04605431e-07,  1.50587405e-06, -3.11631306e-07,
         2.16377007e-08,  2.76111236e-07],
       [ 4.05276156e-07, -3.11631306e-07,  5.71022767e-06,
         8.57287096e-07,  1.24269976e-07],
       [-2.57994670e-08,  2.16377007e-08,  8.57287096e-07,
         1.80028537e-06,  6.30438463e-07],
       [-3.60708217e-07,  2.76111236e-07,  1.24269976e-07,
         6.30438463e-07,  2.25651914e-06]]),('mpi', 'fpi'): array([[-1.51437510e-07, -1.35615023e-07, -1.71781197e-07,
         9.80396417e-09,  1.95552698e-07],
       [-1.02398477e-07,  1.26377536e-07,  1.32088696e-07,
        -8.22246610e-09, -1.49689679e-07],
       [-2.02827760e-07,  2.06553103e-07,  3.49290697e-07,
        -3.25774636e-07, -6.73711549e-08],
       [ 1.29118085e-08, -1.43417370e-08, -3.63371498e-07,
         9.99232551e-08, -3.41783017e-07],
       [ 1.80522931e-07, -1.83009959e-07, -5.26733314e-08,
        -2.39570690e-07, -1.12225955e-08]]),('mpi', 'a2'): array([[ 1.00083492e-08, -9.66145647e-09, -3.77091609e-09,
         2.79279701e-10,  3.13502918e-09],
       [-7.69179367e-09,  7.43845766e-09,  2.89959201e-09,
        -2.34228505e-10, -2.39977007e-09],
       [-1.52356688e-08,  1.47152120e-08,  1.08239670e-08,
        -9.28014845e-09, -1.08006966e-09],
       [ 9.69887144e-10, -1.02173096e-09, -7.97667875e-09,
         1.36116527e-08, -5.47934005e-09],
       [ 1.35602128e-08, -1.30379564e-08, -1.15627738e-09,
        -6.82450786e-09,  7.38032411e-09]]),('mpi', 'alpha'): array([[ 7.46942639e-05],
       [ 6.98266447e-05],
       [-1.42353282e-04],
       [-9.52537778e-05],
       [-4.73661651e-05]]),('mpi', 'beta'): array([[ 1.26304611e-04],
       [-3.39427720e-05],
       [ 2.71150636e-05],
       [-9.19524807e-05],
       [-1.73373356e-04]]),('mpi', 'c'): array([[ 2.81168764e-04],
       [-3.03685329e-04],
       [ 6.66883815e-04],
       [ 7.67045092e-05],
       [-3.91020207e-04]]),('fpi', 'mpi'): array([[-1.51437510e-07, -1.02398477e-07, -2.02827760e-07,
         1.29118085e-08,  1.80522931e-07],
       [-1.35615023e-07,  1.26377536e-07,  2.06553103e-07,
        -1.43417370e-08, -1.83009959e-07],
       [-1.71781197e-07,  1.32088696e-07,  3.49290697e-07,
        -3.63371498e-07, -5.26733314e-08],
       [ 9.80396417e-09, -8.22246610e-09, -3.25774636e-07,
         9.99232551e-08, -2.39570690e-07],
       [ 1.95552698e-07, -1.49689679e-07, -6.73711549e-08,
        -3.41783017e-07, -1.12225955e-08]]),('fpi', 'fpi'): array([[ 4.61117448e-07,  6.78709835e-08,  8.59709978e-08,
        -4.90657065e-09, -9.78678741e-08],
       [ 6.78709835e-08,  4.66672821e-07, -8.75500294e-08,
         5.44995273e-09,  9.92161800e-08],
       [ 8.59709978e-08, -8.75500294e-08,  7.91427975e-07,
         1.38083517e-07,  2.85560783e-08],
       [-4.90657065e-09,  5.44995273e-09,  1.38083517e-07,
         3.91528986e-07,  1.29879755e-07],
       [-9.78678741e-08,  9.92161800e-08,  2.85560783e-08,
         1.29879755e-07,  7.33533901e-07]]),('fpi', 'a2'): array([[-5.00885884e-09,  4.83525010e-09,  1.88722295e-09,
        -1.39770562e-10, -1.56898188e-09],
       [ 5.09821645e-09, -4.93030220e-09, -1.92188563e-09,
         1.55249565e-10,  1.59059743e-09],
       [ 6.45782237e-09, -6.23722049e-09, -4.58786923e-09,
         3.93350309e-09,  4.57800580e-10],
       [-3.68563382e-10,  3.88264368e-10,  3.03118947e-09,
        -5.17251600e-09,  2.08218463e-09],
       [-7.35147158e-09,  7.06833790e-09,  6.26858916e-10,
         3.69980740e-09, -4.00113507e-09]]),('fpi', 'alpha'): array([[-3.73820912e-05],
       [-4.62819680e-05],
       [ 6.03381591e-05],
       [ 3.61970511e-05],
       [ 2.56788755e-05]]),('fpi', 'beta'): array([[-6.32114201e-05],
       [ 2.24976912e-05],
       [-1.14930475e-05],
       [ 3.49425369e-05],
       [ 9.39918363e-05]]),('fpi', 'c'): array([[-1.40715978e-04],
       [ 2.01286411e-04],
       [-2.82666766e-04],
       [-2.91482092e-05],
       [ 2.11985902e-04]]),('a2', 'mpi'): array([[ 1.00083492e-08, -7.69179367e-09, -1.52356688e-08,
         9.69887144e-10,  1.35602128e-08],
       [-9.66145647e-09,  7.43845766e-09,  1.47152120e-08,
        -1.02173096e-09, -1.30379564e-08],
       [-3.77091609e-09,  2.89959201e-09,  1.08239670e-08,
        -7.97667875e-09, -1.15627738e-09],
       [ 2.79279701e-10, -2.34228505e-10, -9.28014845e-09,
         1.36116527e-08, -6.82450786e-09],
       [ 3.13502918e-09, -2.39977007e-09, -1.08006966e-09,
        -5.47934005e-09,  7.38032411e-09]]),('a2', 'fpi'): array([[-5.00885884e-09,  5.09821645e-09,  6.45782237e-09,
        -3.68563382e-10, -7.35147158e-09],
       [ 4.83525010e-09, -4.93030220e-09, -6.23722049e-09,
         3.88264368e-10,  7.06833790e-09],
       [ 1.88722295e-09, -1.92188563e-09, -4.58786923e-09,
         3.03118947e-09,  6.26858916e-10],
       [-1.39770562e-10,  1.55249565e-10,  3.93350309e-09,
        -5.17251600e-09,  3.69980740e-09],
       [-1.56898188e-09,  1.59059743e-09,  4.57800580e-10,
         2.08218463e-09, -4.00113507e-09]]),('a2', 'a2'): array([[ 3.10154594e-06,  3.63206047e-10,  1.41761186e-10,
        -1.04990460e-11, -1.17856098e-10],
       [ 3.63206047e-10,  3.10157095e-06, -1.36918565e-10,
         1.10602563e-11,  1.13317002e-10],
       [ 1.41761186e-10, -1.36918565e-10,  1.40138741e-06,
         8.63476930e-11,  1.00495724e-11],
       [-1.04990460e-11,  1.10602563e-11,  8.63476930e-11,
         1.40134078e-06,  5.93139560e-11],
       [-1.17856098e-10,  1.13317002e-10,  1.00495724e-11,
         5.93139560e-11,  1.40142398e-06]]),('a2', 'alpha'): array([[-2.80800399e-06],
       [-3.29721008e-06],
       [ 1.32453457e-06],
       [ 1.03112388e-06],
       [ 4.11674320e-07]]),('a2', 'beta'): array([[-4.74820734e-06],
       [ 1.60277571e-06],
       [-2.52293721e-07],
       [ 9.95387281e-07],
       [ 1.50684267e-06]]),('a2', 'c'): array([[-1.05700622e-05],
       [ 1.43400035e-05],
       [-6.20506010e-06],
       [-8.30327712e-07],
       [ 3.39848028e-06]]),('alpha', 'mpi'): array([[ 7.46942639e-05,  6.98266447e-05, -1.42353282e-04,
        -9.52537778e-05, -4.73661651e-05]]),('alpha', 'fpi'): array([[-3.73820912e-05, -4.62819680e-05,  6.03381591e-05,
         3.61970511e-05,  2.56788755e-05]]),('alpha', 'a2'): array([[-2.80800399e-06, -3.29721008e-06,  1.32453457e-06,
         1.03112388e-06,  4.11674320e-07]]),('alpha', 'alpha'): array([[0.02634911]]),('alpha', 'beta'): array([[0.01086198]]),('alpha', 'c'): array([[-0.04855078]]),('beta', 'mpi'): array([[ 1.26304611e-04, -3.39427720e-05,  2.71150636e-05,
        -9.19524807e-05, -1.73373356e-04]]),('beta', 'fpi'): array([[-6.32114201e-05,  2.24976912e-05, -1.14930475e-05,
         3.49425369e-05,  9.39918363e-05]]),('beta', 'a2'): array([[-4.74820734e-06,  1.60277571e-06, -2.52293721e-07,
         9.95387281e-07,  1.50684267e-06]]),('beta', 'alpha'): array([[0.01086198]]),('beta', 'beta'): array([[0.03639439]]),('beta', 'c'): array([[0.08901453]]),('c', 'mpi'): array([[ 2.81168764e-04, -3.03685329e-04,  6.66883815e-04,
         7.67045092e-05, -3.91020207e-04]]),('c', 'fpi'): array([[-1.40715978e-04,  2.01286411e-04, -2.82666766e-04,
        -2.91482092e-05,  2.11985902e-04]]),('c', 'a2'): array([[-1.05700622e-05,  1.43400035e-05, -6.20506010e-06,
        -8.30327712e-07,  3.39848028e-06]]),('c', 'alpha'): array([[-0.04855078]]),('c', 'beta'): array([[0.08901453]]),('c', 'c'): array([[0.4805923]])}
Correlation matrix
{('mpi', 'mpi'): array([[ 1.        ,  0.11176485,  0.11368594, -0.0128891 , -0.16096036],
       [ 0.11176485,  1.        , -0.10627229,  0.01314154,  0.14978566],
       [ 0.11368594, -0.10627229,  1.        ,  0.26737999,  0.03461944],
       [-0.0128891 ,  0.01314154,  0.26737999,  1.        ,  0.31278975],
       [-0.16096036,  0.14978566,  0.03461944,  0.31278975,  1.        ]]),('mpi', 'fpi'): array([[-0.14948929, -0.13307116, -0.12943518,  0.01050273,  0.15305098],
       [-0.12288345,  0.15075416,  0.1209945 , -0.01070843, -0.1424254 ],
       [-0.12499565,  0.12653153,  0.16430645, -0.2178756 , -0.03291828],
       [ 0.01417133, -0.01564677, -0.30442091,  0.11901835, -0.29741968],
       [ 0.17697303, -0.17834008, -0.03941537, -0.25487792, -0.00872296]]),('mpi', 'a2'): array([[ 0.00380939, -0.00367734, -0.00213526,  0.00015814,  0.00177517],
       [-0.00355913,  0.0034419 ,  0.00199601, -0.00016124, -0.00165193],
       [-0.00362031,  0.00349662,  0.00382631, -0.00328062, -0.0003818 ],
       [ 0.00041045, -0.00043239, -0.00502195,  0.00856975, -0.00344963],
       [ 0.00512576, -0.00492832, -0.00065022, -0.00383778,  0.00415022]]),('mpi', 'alpha'): array([[ 0.30845133],
       [ 0.35054505],
       [-0.36699298],
       [-0.43734938],
       [-0.19425209]]),('mpi', 'beta'): array([[ 0.44379701],
       [-0.14498923],
       [ 0.05947941],
       [-0.35923243],
       [-0.6049864 ]]),('mpi', 'c'): array([[ 0.27186987],
       [-0.3569777 ],
       [ 0.40256412],
       [ 0.08246351],
       [-0.37548387]]),('fpi', 'mpi'): array([[-0.14948929, -0.12288345, -0.12499565,  0.01417133,  0.17697303],
       [-0.13307116,  0.15075416,  0.12653153, -0.01564677, -0.17834008],
       [-0.12943518,  0.1209945 ,  0.16430645, -0.30442091, -0.03941537],
       [ 0.01050273, -0.01070843, -0.2178756 ,  0.11901835, -0.25487792],
       [ 0.15305098, -0.1424254 , -0.03291828, -0.29741968, -0.00872296]]),('fpi', 'fpi'): array([[ 1.        ,  0.14630936,  0.14231166, -0.01154756, -0.16827681],
       [ 0.14630936,  1.        , -0.14406031,  0.01274983,  0.16957669],
       [ 0.14231166, -0.14406031,  1.        ,  0.24805854,  0.03747855],
       [-0.01154756,  0.01274983,  0.24805854,  1.        ,  0.24235356],
       [-0.16827681,  0.16957669,  0.03747855,  0.24235356,  1.        ]]),('fpi', 'a2'): array([[-0.00418836,  0.00404317,  0.00234768, -0.00017388, -0.00195176],
       [ 0.00423763, -0.00409804, -0.00237652,  0.00019198,  0.00196684],
       [ 0.00412184, -0.00398102, -0.00435638,  0.0037351 ,  0.0004347 ],
       [-0.00033446,  0.00035233,  0.00409215, -0.0069831 ,  0.00281095],
       [-0.00487388,  0.00468615,  0.00061827,  0.0036492 , -0.00394628]]),('fpi', 'alpha'): array([[-0.33913671],
       [-0.41737127],
       [ 0.41783358],
       [ 0.35637581],
       [ 0.1847068 ]]),('fpi', 'beta'): array([[-0.48794687],
       [ 0.17262928],
       [-0.06771927],
       [ 0.29272192],
       [ 0.57525818]]),('fpi', 'c'): array([[-0.29891605],
       [ 0.42503021],
       [-0.45833249],
       [-0.06719571],
       [ 0.3570331 ]]),('a2', 'mpi'): array([[ 0.00380939, -0.00355913, -0.00362031,  0.00041045,  0.00512576],
       [-0.00367734,  0.0034419 ,  0.00349662, -0.00043239, -0.00492832],
       [-0.00213526,  0.00199601,  0.00382631, -0.00502195, -0.00065022],
       [ 0.00015814, -0.00016124, -0.00328062,  0.00856975, -0.00383778],
       [ 0.00177517, -0.00165193, -0.0003818 , -0.00344963,  0.00415022]]),('a2', 'fpi'): array([[-0.00418836,  0.00423763,  0.00412184, -0.00033446, -0.00487388],
       [ 0.00404317, -0.00409804, -0.00398102,  0.00035233,  0.00468615],
       [ 0.00234768, -0.00237652, -0.00435638,  0.00409215,  0.00061827],
       [-0.00017388,  0.00019198,  0.0037351 , -0.0069831 ,  0.0036492 ],
       [-0.00195176,  0.00196684,  0.0004347 ,  0.00281095, -0.00394628]]),('a2', 'a2'): array([[ 1.00000000e+00,  1.17104370e-04,  6.79969014e-05,
        -5.03603628e-06, -5.65298945e-05],
       [ 1.17104370e-04,  1.00000000e+00, -6.56738344e-05,
         5.30520843e-06,  5.43524900e-05],
       [ 6.79969014e-05, -6.56738344e-05,  1.00000000e+00,
         6.16168869e-05,  7.17106573e-06],
       [-5.03603628e-06,  5.30520843e-06,  6.16168869e-05,
         1.00000000e+00,  4.23253188e-05],
       [-5.65298945e-05,  5.43524900e-05,  7.17106573e-06,
         4.23253188e-05,  1.00000000e+00]]),('a2', 'alpha'): array([[-0.00982258],
       [-0.01153381],
       [ 0.00689289],
       [ 0.00536607],
       [ 0.00214233]]),('a2', 'beta'): array([[-0.01413264],
       [ 0.00477051],
       [-0.00111715],
       [ 0.00440761],
       [ 0.00667215]]),('a2', 'c'): array([[-0.00865765],
       [ 0.01174546],
       [-0.00756099],
       [-0.00101179],
       [ 0.00414106]]),('alpha', 'mpi'): array([[ 0.30845133,  0.35054505, -0.36699298, -0.43734938, -0.19425209]]),('alpha', 'fpi'): array([[-0.33913671, -0.41737127,  0.41783358,  0.35637581,  0.1847068 ]]),('alpha', 'a2'): array([[-0.00982258, -0.01153381,  0.00689289,  0.00536607,  0.00214233]]),('alpha', 'alpha'): array([[1.]]),('alpha', 'beta'): array([[0.35075896]]),('alpha', 'c'): array([[-0.43144438]]),('beta', 'mpi'): array([[ 0.44379701, -0.14498923,  0.05947941, -0.35923243, -0.6049864 ]]),('beta', 'fpi'): array([[-0.48794687,  0.17262928, -0.06771927,  0.29272192,  0.57525818]]),('beta', 'a2'): array([[-0.01413264,  0.00477051, -0.00111715,  0.00440761,  0.00667215]]),('beta', 'alpha'): array([[0.35075896]]),('beta', 'beta'): array([[1.]]),('beta', 'c'): array([[0.67306232]]),('c', 'mpi'): array([[ 0.27186987, -0.3569777 ,  0.40256412,  0.08246351, -0.37548387]]),('c', 'fpi'): array([[-0.29891605,  0.42503021, -0.45833249, -0.06719571,  0.3570331 ]]),('c', 'a2'): array([[-0.00865765,  0.01174546, -0.00756099, -0.00101179,  0.00414106]]),('c', 'alpha'): array([[-0.43144438]]),('c', 'beta'): array([[0.67306232]]),('c', 'c'): array([[1.]])}
########################################
O3
{'mpi': array([0.4308(16), 0.3414(13), 0.4109(25), 0.3589(17), 0.3010(17)],
      dtype=object),'fpi': array([0.16363(73), 0.15175(71), 0.1621(10), 0.15421(76), 0.14769(99)],
      dtype=object),'a2': array([0.3142(18), 0.3142(18), 0.1762(12), 0.1763(12), 0.1762(12)],
      dtype=object),'alpha': 0.063(88),'beta': 0.700(28),'c': 8.80(57)}
Covariance matrix
{('mpi', 'mpi'): array([[ 2.47588740e-06, -2.17332520e-09,  7.35894056e-08,
        -2.07009407e-09, -2.59043776e-08],
       [-2.17332520e-09,  1.66310432e-06,  1.02125248e-08,
        -2.57814717e-10, -3.52169552e-09],
       [ 7.35894056e-08,  1.02125248e-08,  6.06684811e-06,
        -8.06121893e-08,  2.09924153e-08],
       [-2.07009407e-09, -2.57814717e-10, -8.06121893e-08,
         3.03977059e-06, -2.31243137e-08],
       [-2.59043776e-08, -3.52169552e-09,  2.09924153e-08,
        -2.31243137e-08,  3.04073782e-06]]),('mpi', 'fpi'): array([[-2.90300155e-07,  2.21353281e-08, -5.02055953e-09,
        -7.88562602e-10,  4.24161723e-09],
       [-7.69851686e-10,  2.49972785e-08, -6.96738729e-10,
        -9.82095677e-11,  5.76647107e-10],
       [ 2.60673958e-08, -1.04014617e-07, -8.87521738e-08,
        -3.07076662e-08, -3.43732599e-09],
       [-7.33284377e-10,  2.62584420e-09,  5.49968154e-09,
        -3.84740481e-07,  3.78640586e-09],
       [-9.17604453e-09,  3.58684867e-08, -1.43218538e-09,
        -8.80876342e-09, -4.60948988e-07]]),('mpi', 'a2'): array([[-1.02381275e-09,  8.67279585e-10,  2.90339439e-10,
         6.21081699e-11, -1.91948767e-10],
       [-1.40132090e-10,  1.18764214e-10,  4.02924674e-11,
         7.73510752e-12, -2.60954007e-11],
       [ 4.74491219e-09, -4.07537460e-09, -3.18265985e-09,
         2.41857393e-09,  1.55551633e-10],
       [-1.33475933e-10,  1.02882643e-10, -3.18047110e-10,
         5.38251485e-10, -1.71348780e-10],
       [-1.67026756e-09,  1.40535555e-09,  8.28234175e-11,
         6.93789147e-10, -4.81213580e-10]]),('mpi', 'alpha'): array([[-6.95033661e-06],
       [ 1.88507533e-06],
       [ 5.75879515e-05],
       [-6.20037190e-06],
       [ 6.66491526e-06]]),('mpi', 'beta'): array([[ 4.09608505e-06],
       [ 1.35583000e-07],
       [ 4.76709397e-06],
       [ 1.16135579e-06],
       [-8.99914119e-06]]),('mpi', 'c'): array([[-6.91480476e-05],
       [-7.91378989e-06],
       [-3.28478173e-04],
       [ 3.20740786e-06],
       [ 1.45960428e-04]]),('fpi', 'mpi'): array([[-2.90300155e-07, -7.69851686e-10,  2.60673958e-08,
        -7.33284377e-10, -9.17604453e-09],
       [ 2.21353281e-08,  2.49972785e-08, -1.04014617e-07,
         2.62584420e-09,  3.58684867e-08],
       [-5.02055953e-09, -6.96738729e-10, -8.87521738e-08,
         5.49968154e-09, -1.43218538e-09],
       [-7.88562602e-10, -9.82095677e-11, -3.07076662e-08,
        -3.84740481e-07, -8.80876342e-09],
       [ 4.24161723e-09,  5.76647107e-10, -3.43732599e-09,
         3.78640586e-09, -4.60948988e-07]]),('fpi', 'fpi'): array([[ 5.25806460e-07,  7.84094332e-09, -1.77842056e-09,
        -2.79330608e-10,  1.50249773e-09],
       [ 7.84094332e-09,  5.05005388e-07,  7.09628748e-09,
         1.00026494e-09, -5.87315370e-09],
       [-1.77842056e-09,  7.09628748e-09,  9.96670166e-07,
         2.09499812e-09,  2.34507938e-10],
       [-2.79330608e-10,  1.00026494e-09,  2.09499812e-09,
         5.70504120e-07,  1.44235863e-09],
       [ 1.50249773e-09, -5.87315370e-09,  2.34507938e-10,
         1.44235863e-09,  9.81370230e-07]]),('fpi', 'a2'): array([[-3.62662693e-10,  3.07214333e-10,  1.02846232e-10,
         2.20004256e-11, -6.79935438e-11],
       [ 1.42724605e-09, -1.20961412e-09, -4.10378985e-10,
        -7.87821092e-11,  2.65781788e-10],
       [-3.23716627e-10,  2.78038131e-10,  2.17133609e-10,
        -1.65004654e-10, -1.06123460e-11],
       [-5.08450948e-11,  3.91911681e-11, -1.21153942e-10,
         2.05036572e-10, -6.52720287e-11],
       [ 2.73491831e-10, -2.30114786e-10, -1.35616165e-11,
        -1.13601957e-10,  7.87945514e-11]]),('fpi', 'alpha'): array([[-2.46200079e-06],
       [-1.91995017e-05],
       [-3.92887721e-06],
       [-2.36191266e-06],
       [-1.09132209e-06]]),('fpi', 'beta'): array([[ 1.45094622e-06],
       [-1.38091354e-06],
       [-3.25229955e-07],
       [ 4.42396197e-07],
       [ 1.47353134e-06]]),('fpi', 'c'): array([[-2.44941443e-05],
       [ 8.06019900e-05],
       [ 2.24100767e-05],
       [ 1.22180046e-06],
       [-2.38997545e-05]]),('a2', 'mpi'): array([[-1.02381275e-09, -1.40132090e-10,  4.74491219e-09,
        -1.33475933e-10, -1.67026756e-09],
       [ 8.67279585e-10,  1.18764214e-10, -4.07537460e-09,
         1.02882643e-10,  1.40535555e-09],
       [ 2.90339439e-10,  4.02924674e-11, -3.18265985e-09,
        -3.18047110e-10,  8.28234175e-11],
       [ 6.21081699e-11,  7.73510752e-12,  2.41857393e-09,
         5.38251485e-10,  6.93789147e-10],
       [-1.91948767e-10, -2.60954007e-11,  1.55551633e-10,
        -1.71348780e-10, -4.81213580e-10]]),('a2', 'fpi'): array([[-3.62662693e-10,  1.42724605e-09, -3.23716627e-10,
        -5.08450948e-11,  2.73491831e-10],
       [ 3.07214333e-10, -1.20961412e-09,  2.78038131e-10,
         3.91911681e-11, -2.30114786e-10],
       [ 1.02846232e-10, -4.10378985e-10,  2.17133609e-10,
        -1.21153942e-10, -1.35616165e-11],
       [ 2.20004256e-11, -7.87821092e-11, -1.65004654e-10,
         2.05036572e-10, -1.13601957e-10],
       [-6.79935438e-11,  2.65781788e-10, -1.06123460e-11,
        -6.52720287e-11,  7.87945514e-11]]),('a2', 'a2'): array([[ 3.10185618e-06,  5.59206239e-11,  1.87205635e-11,
         4.00462281e-12, -1.23765104e-11],
       [ 5.59206239e-11,  3.10187480e-06, -1.60789717e-11,
        -3.08674507e-12,  1.04135397e-11],
       [ 1.87205635e-11, -1.60789717e-11,  1.40147557e-06,
         9.54223493e-12,  6.13712984e-13],
       [ 4.00462281e-12, -3.08674507e-12,  9.54223493e-12,
         1.40147198e-06,  5.14090604e-12],
       [-1.23765104e-11,  1.04135397e-11,  6.13712984e-13,
         5.14090604e-12,  1.40148456e-06]]),('a2', 'alpha'): array([[-4.48145173e-07],
       [-7.52251595e-07],
       [ 2.27207346e-07],
       [ 1.86027175e-07],
       [ 4.93863348e-08]]),('a2', 'beta'): array([[ 2.64108179e-07],
       [-5.41052798e-08],
       [ 1.88080795e-08],
       [-3.48436739e-08],
       [-6.66827083e-08]]),('a2', 'c'): array([[-4.45854143e-06],
       [ 3.15804943e-06],
       [-1.29597688e-06],
       [-9.62305214e-08],
       [ 1.08155172e-06]]),('alpha', 'mpi'): array([[-6.95033661e-06,  1.88507533e-06,  5.75879515e-05,
        -6.20037190e-06,  6.66491526e-06]]),('alpha', 'fpi'): array([[-2.46200079e-06, -1.91995017e-05, -3.92887721e-06,
        -2.36191266e-06, -1.09132209e-06]]),('alpha', 'a2'): array([[-4.48145173e-07, -7.52251595e-07,  2.27207346e-07,
         1.86027175e-07,  4.93863348e-08]]),('alpha', 'alpha'): array([[0.00776905]]),('alpha', 'beta'): array([[-0.00064698]]),('alpha', 'c'): array([[-0.01283313]]),('beta', 'mpi'): array([[ 4.09608505e-06,  1.35583000e-07,  4.76709397e-06,
         1.16135579e-06, -8.99914119e-06]]),('beta', 'fpi'): array([[ 1.45094622e-06, -1.38091354e-06, -3.25229955e-07,
         4.42396197e-07,  1.47353134e-06]]),('beta', 'a2'): array([[ 2.64108179e-07, -5.41052798e-08,  1.88080795e-08,
        -3.48436739e-08, -6.66827083e-08]]),('beta', 'alpha'): array([[-0.00064698]]),('beta', 'beta'): array([[0.00080303]]),('beta', 'c'): array([[-0.01380517]]),('c', 'mpi'): array([[-6.91480476e-05, -7.91378989e-06, -3.28478173e-04,
         3.20740786e-06,  1.45960428e-04]]),('c', 'fpi'): array([[-2.44941443e-05,  8.06019900e-05,  2.24100767e-05,
         1.22180046e-06, -2.38997545e-05]]),('c', 'a2'): array([[-4.45854143e-06,  3.15804943e-06, -1.29597688e-06,
        -9.62305214e-08,  1.08155172e-06]]),('c', 'alpha'): array([[-0.01283313]]),('c', 'beta'): array([[-0.01380517]]),('c', 'c'): array([[0.32236283]])}
Correlation matrix
{('mpi', 'mpi'): array([[ 1.00000000e+00, -1.07102479e-03,  1.89875220e-02,
        -7.54578163e-04, -9.44100504e-03],
       [-1.07102479e-03,  1.00000000e+00,  3.21508026e-03,
        -1.14664123e-04, -1.56603899e-03],
       [ 1.89875220e-02,  3.21508026e-03,  1.00000000e+00,
        -1.87714902e-02,  4.88755165e-03],
       [-7.54578163e-04, -1.14664123e-04, -1.87714902e-02,
         1.00000000e+00, -7.60604620e-03],
       [-9.44100504e-03, -1.56603899e-03,  4.88755165e-03,
        -7.60604620e-03,  1.00000000e+00]]),('mpi', 'fpi'): array([[-2.54430320e-01,  1.97957752e-02, -3.19603074e-03,
        -6.63500630e-04,  2.72113188e-03],
       [-8.23254968e-04,  2.72762697e-02, -5.41170951e-04,
        -1.00824171e-04,  4.51371290e-04],
       [ 1.45949673e-02, -5.94244003e-02, -3.60928942e-02,
        -1.65057726e-02, -1.40871364e-03],
       [-5.80014792e-04,  2.11933955e-03,  3.15966769e-03,
        -2.92158205e-01,  2.19225122e-03],
       [-7.25693220e-03,  2.89451337e-02, -8.22685831e-04,
        -6.68799694e-03, -2.66837546e-01]]),('mpi', 'a2'): array([[-3.69440292e-04,  3.12954749e-04,  1.55864720e-04,
         3.33419563e-05, -1.03044715e-04],
       [-6.16974230e-05,  5.22894076e-05,  2.63919422e-05,
         5.06657411e-06, -1.70926762e-05],
       [ 1.09379464e-03, -9.39450368e-04, -1.09148029e-03,
         8.29441186e-04,  5.33456306e-05],
       [-4.34682077e-05,  3.35049965e-05, -1.54091359e-04,
         2.60779005e-04, -8.30168887e-05],
       [-5.43858262e-04,  4.57598501e-04,  4.01209209e-05,
         3.36082427e-04, -2.33106417e-04]]),('mpi', 'alpha'): array([[-0.05011371],
       [ 0.01658384],
       [ 0.2652566 ],
       [-0.04034721],
       [ 0.04336319]]),('mpi', 'beta'): array([[ 0.09186264],
       [ 0.00371006],
       [ 0.06829793],
       [ 0.02350608],
       [-0.18211552]]),('mpi', 'c'): array([[-0.07740019],
       [-0.01080817],
       [-0.23488348],
       [ 0.00324012],
       [ 0.14742569]]),('fpi', 'mpi'): array([[-2.54430320e-01, -8.23254968e-04,  1.45949673e-02,
        -5.80014792e-04, -7.25693220e-03],
       [ 1.97957752e-02,  2.72762697e-02, -5.94244003e-02,
         2.11933955e-03,  2.89451337e-02],
       [-3.19603074e-03, -5.41170951e-04, -3.60928942e-02,
         3.15966769e-03, -8.22685831e-04],
       [-6.63500630e-04, -1.00824171e-04, -1.65057726e-02,
        -2.92158205e-01, -6.68799694e-03],
       [ 2.72113188e-03,  4.51371290e-04, -1.40871364e-03,
         2.19225122e-03, -2.66837546e-01]]),('fpi', 'fpi'): array([[ 1.00000000e+00,  1.52162400e-02, -2.45666412e-03,
        -5.10007046e-04,  2.09162790e-03],
       [ 1.52162400e-02,  1.00000000e+00,  1.00024748e-02,
         1.86353541e-03, -8.34270565e-03],
       [-2.45666412e-03,  1.00024748e-02,  1.00000000e+00,
         2.77829601e-03,  2.37118467e-04],
       [-5.10007046e-04,  1.86353541e-03,  2.77829601e-03,
         1.00000000e+00,  1.92764664e-03],
       [ 2.09162790e-03, -8.34270565e-03,  2.37118467e-04,
         1.92764664e-03,  1.00000000e+00]]),('fpi', 'a2'): array([[-2.83974337e-04,  2.40556105e-04,  1.19807128e-04,
         2.56286609e-05, -7.92064520e-05],
       [ 1.14035485e-03, -9.66466290e-04, -4.87802859e-04,
        -9.36456027e-05,  3.15924316e-04],
       [-1.84110454e-04,  1.58130811e-04,  1.83720897e-04,
        -1.39613770e-04, -8.97927994e-06],
       [-3.82215980e-05,  2.94609457e-05, -1.35492542e-04,
         2.29302997e-04, -7.29967559e-05],
       [ 1.56753444e-04, -1.31891241e-04, -1.15638448e-05,
        -9.68672934e-05,  6.71870525e-05]]),('fpi', 'alpha'): array([[-0.03852045],
       [-0.30651948],
       [-0.0446487 ],
       [-0.0354773 ],
       [-0.01249835]]),('fpi', 'beta'): array([[ 0.07061122],
       [-0.06857311],
       [-0.01149609],
       [ 0.0206689 ],
       [ 0.05249021]]),('fpi', 'c'): array([[-0.0594945 ],
       [ 0.1997677 ],
       [ 0.03953622],
       [ 0.00284904],
       [-0.04249174]]),('a2', 'mpi'): array([[-3.69440292e-04, -6.16974230e-05,  1.09379464e-03,
        -4.34682077e-05, -5.43858262e-04],
       [ 3.12954749e-04,  5.22894076e-05, -9.39450368e-04,
         3.35049965e-05,  4.57598501e-04],
       [ 1.55864720e-04,  2.63919422e-05, -1.09148029e-03,
        -1.54091359e-04,  4.01209209e-05],
       [ 3.33419563e-05,  5.06657411e-06,  8.29441186e-04,
         2.60779005e-04,  3.36082427e-04],
       [-1.03044715e-04, -1.70926762e-05,  5.33456306e-05,
