import numpy as np

# Correlations
all_cov = [
    {('mpi', 'mpi'): np.array([[ 2.23635217e-06,  2.15393468e-07,  5.09886596e-07, -4.78682651e-08, -4.01373065e-07],
        [ 2.15393468e-07,  1.48148799e-06, -4.29575414e-07, 4.21945203e-08,  3.36983671e-07],
        [ 5.09886596e-07, -4.29575414e-07,  5.13745980e-06, 1.16088909e-06,  3.13562409e-07],
        [-4.78682651e-08,  4.21945203e-08,  1.16088909e-06, 1.40781330e-06,  7.02506033e-07],
        [-4.01373065e-07,  3.36983671e-07,  3.13562409e-07, 7.02506033e-07,  2.09410530e-06]]),
     ('mpi', 'fpi'): np.array([[-1.85263620e-07, -1.03465252e-07, -1.22021147e-07, 1.08259372e-08,  1.16894343e-07],
        [-8.38353194e-08,  1.09349303e-07,  1.02801849e-07, -9.54275710e-09, -9.81418241e-08],
        [-1.98457762e-07,  2.06348544e-07,  2.71671500e-07, -2.62547897e-07, -9.13207060e-08],
        [ 1.86312581e-08, -2.02683337e-08, -2.77812790e-07, -4.76397098e-09, -2.04595146e-07],
        [ 1.56222189e-07, -1.61871671e-07, -7.50387341e-08, -1.58879504e-07, -1.76975615e-07]]),
     ('mpi', 'a2'): np.array([[-1.18242978e-08,  1.20588293e-08,  4.71234292e-09, -5.36970430e-10, -4.43314780e-09],
       [ 9.97157502e-09, -1.01844744e-08, -3.97011155e-09, 4.73324229e-10,  3.72196978e-09],
       [ 2.36050447e-08, -2.40498314e-08, -1.60446136e-08,1.30224714e-08,  3.46328297e-09],
       [-2.21604676e-09,  2.36226531e-09,  1.07288709e-08,-1.85080063e-08,  7.75914814e-09],
       [-1.85814438e-08,  1.88660715e-08,  2.89792595e-09,7.88048127e-09, -1.11727961e-08]]),
     ('mpi', 'alpha'): np.array([[ 4.66512972e-05],[ 9.41660752e-05],[-2.04602950e-04],[-9.65516711e-05],[-2.22367860e-05]]),
     ('mpi', 'beta'): np.array([[ 7.89494921e-05],[-2.85766910e-05],[-1.49703458e-06],[-6.27678600e-05],[-9.77384641e-05]]),
     ('mpi', 'c'): np.array([[ 4.00529610e-04],[-4.24202789e-04],[ 8.15096717e-04],[ 6.05399444e-05],[-4.21552269e-04]]),
     ('fpi', 'mpi'): np.array([[-1.85263620e-07, -8.38353194e-08, -1.98457762e-07,1.86312581e-08,  1.56222189e-07],
       [-1.03465252e-07,  1.09349303e-07,  2.06348544e-07,-2.02683337e-08, -1.61871671e-07],
       [-1.22021147e-07,  1.02801849e-07,  2.71671500e-07,-2.77812790e-07, -7.50387341e-08],
       [ 1.08259372e-08, -9.54275710e-09, -2.62547897e-07,-4.76397098e-09, -1.58879504e-07],
       [ 1.16894343e-07, -9.81418241e-08, -9.13207060e-08,-2.04595146e-07, -1.76975615e-07]]),
     ('fpi', 'fpi'): np.array([[ 4.89105777e-07,  4.02706848e-08,  4.74929992e-08,-4.21366493e-09, -4.54975476e-08],
       [ 4.02706848e-08,  4.93903092e-07, -4.93813452e-08,4.58390767e-09,  4.71428808e-08],
       [ 4.74929992e-08, -4.93813452e-08,  9.01001362e-07,6.28304328e-08,  2.18539914e-08],
       [-4.21366493e-09,  4.58390767e-09,  6.28304328e-08,4.88717076e-07,  4.62714535e-08],
       [-4.54975476e-08,  4.71428808e-08,  2.18539914e-08,4.62714535e-08,  8.97311181e-07]]),
     ('fpi', 'a2'): np.array([[ 4.60224626e-09, -4.69353047e-09, -1.83413535e-09,2.08999316e-10,  1.72546719e-09],
       [-4.78989235e-09,  4.89215954e-09,  1.90706151e-09,-2.27363491e-10, -1.78786546e-09],
       [-5.64893184e-09,  5.75537391e-09,  3.83964232e-09,-3.11641236e-09, -8.28799508e-10],
       [ 5.01183466e-10, -5.34252408e-10, -2.42645273e-09,4.18579017e-09, -1.75481711e-09],
       [ 5.41158801e-09, -5.49448187e-09, -8.43980771e-10,-2.29508096e-09,  3.25392202e-09]]),
     ('fpi', 'alpha'): np.array([[-1.81575905e-05],[-4.52331114e-05],[ 4.89636063e-05],[ 2.18362275e-05],[ 6.47615576e-06]]),
     ('fpi', 'beta'): np.array([[-3.07286750e-05],[ 1.37269462e-05],[ 3.58255890e-07],[ 1.41956453e-05],[ 2.84649731e-05]]),
     ('fpi', 'c'): np.array([[-1.55893900e-04],[ 2.03767779e-04],[-1.95061092e-04],[-1.36917775e-05],[ 1.22771256e-04]]),
     ('a2', 'mpi'): np.array([[-1.18242978e-08,  9.97157502e-09,  2.36050447e-08,-2.21604676e-09, -1.85814438e-08],
       [ 1.20588293e-08, -1.01844744e-08, -2.40498314e-08,2.36226531e-09,  1.88660715e-08],
       [ 4.71234292e-09, -3.97011155e-09, -1.60446136e-08,1.07288709e-08,  2.89792595e-09],
       [-5.36970430e-10,  4.73324229e-10,  1.30224714e-08,-1.85080063e-08,  7.88048127e-09],
       [-4.43314780e-09,  3.72196978e-09,  3.46328297e-09, 7.75914814e-09, -1.11727961e-08]]),
     ('a2', 'fpi'): np.array([[ 4.60224626e-09, -4.78989235e-09, -5.64893184e-09,5.01183466e-10,  5.41158801e-09],
       [-4.69353047e-09,  4.89215954e-09,  5.75537391e-09, -5.34252408e-10, -5.49448187e-09],
       [-1.83413535e-09,  1.90706151e-09,  3.83964232e-09, -2.42645273e-09, -8.43980771e-10],
       [ 2.08999316e-10, -2.27363491e-10, -3.11641236e-09, 4.18579017e-09, -2.29508096e-09],
       [ 1.72546719e-09, -1.78786546e-09, -8.28799508e-10, -1.75481711e-09,  3.25392202e-09]]),
     ('a2', 'a2'): np.array([[ 3.10137479e-06,  5.58259831e-10,  2.18156481e-10, -2.48588825e-11, -2.05231228e-10],
       [ 5.58259831e-10,  3.10135201e-06, -2.22267174e-10,  2.64991141e-11,  2.08374928e-10],
       [ 2.18156481e-10, -2.22267174e-10,  1.40133984e-06, 1.20352940e-10,  3.20074643e-11],
       [-2.48588825e-11,  2.64991141e-11,  1.20352940e-10, 1.40128051e-06,  8.70395680e-11],
       [-2.05231228e-10,  2.08374928e-10,  3.20074643e-11, 8.70395680e-11,  1.40136472e-06]]),
     ('a2', 'alpha'): np.array([[ 2.15970760e-06], [ 5.27189909e-06], [-1.89092882e-06],[-1.08308484e-06],[-2.45604321e-07]]),
     ('a2', 'beta'): np.array([[ 3.65494270e-06],[-1.59986949e-06],[-1.38355085e-08],[-7.04109178e-07],[-1.07951702e-06]]),
     ('a2', 'c'): np.array([[ 1.85423964e-05],[-2.37490444e-05],[ 7.53307750e-06],[ 6.79117154e-07],[-4.65602621e-06]]),
     ('alpha', 'mpi'): np.array([[ 4.66512972e-05,  9.41660752e-05, -2.04602950e-04,-9.65516711e-05, -2.22367860e-05]]),
     ('alpha', 'fpi'): np.array([[-1.81575905e-05, -4.52331114e-05,  4.89636063e-05,2.18362275e-05,  6.47615576e-06]]),
     ('alpha', 'a2'): np.array([[ 2.15970760e-06,  5.27189909e-06, -1.89092882e-06,-1.08308484e-06, -2.45604321e-07]]),
     ('alpha', 'alpha'): np.array([[0.02744522]]),
     ('alpha', 'beta'): np.array([[0.00238472]]),
     ('alpha', 'c'): np.array([[-0.07935939]]),
     ('beta', 'mpi'): np.array([[ 7.89494921e-05, -2.85766910e-05, -1.49703458e-06,-6.27678600e-05, -9.77384641e-05]]),
     ('beta', 'fpi'): np.array([[-3.07286750e-05,  1.37269462e-05,  3.58255890e-07,1.41956453e-05,  2.84649731e-05]]),
     ('beta', 'a2'): np.array([[ 3.65494270e-06, -1.59986949e-06, -1.38355085e-08,-7.04109178e-07, -1.07951702e-06]]),
     ('beta', 'alpha'): np.array([[0.00238472]]),
     ('beta', 'beta'): np.array([[0.01180937]]),
     ('beta', 'c'): np.array([[0.05740615]]),
     ('c', 'mpi'): np.array([[ 4.00529610e-04, -4.24202789e-04,  8.15096717e-04,6.05399444e-05, -4.21552269e-04]]),
     ('c', 'fpi'): np.array([[-1.55893900e-04,  2.03767779e-04, -1.95061092e-04,-1.36917775e-05,  1.22771256e-04]]),
     ('c', 'a2'): np.array([[ 1.85423964e-05, -2.37490444e-05,  7.53307750e-06,6.79117154e-07, -4.65602621e-06]]),
     ('c', 'alpha'): np.array([[-0.07935939]]),
     ('c', 'beta'): np.array([[0.05740615]]),
     ('c', 'c'): np.array([[0.6071514]])
    },
    {('mpi', 'mpi'): np.array([[ 2.22553890e-06,  2.04605431e-07,  4.05276156e-07,
        -2.57994670e-08, -3.60708217e-07],
       [ 2.04605431e-07,  1.50587405e-06, -3.11631306e-07,
         2.16377007e-08,  2.76111236e-07],
       [ 4.05276156e-07, -3.11631306e-07,  5.71022767e-06,
         8.57287096e-07,  1.24269976e-07],
       [-2.57994670e-08,  2.16377007e-08,  8.57287096e-07,
         1.80028537e-06,  6.30438463e-07],
       [-3.60708217e-07,  2.76111236e-07,  1.24269976e-07,
         6.30438463e-07,  2.25651914e-06]]),('mpi', 'fpi'): np.array([[-1.51437510e-07, -1.35615023e-07, -1.71781197e-07,
         9.80396417e-09,  1.95552698e-07],
       [-1.02398477e-07,  1.26377536e-07,  1.32088696e-07,
        -8.22246610e-09, -1.49689679e-07],
       [-2.02827760e-07,  2.06553103e-07,  3.49290697e-07,
        -3.25774636e-07, -6.73711549e-08],
       [ 1.29118085e-08, -1.43417370e-08, -3.63371498e-07,
         9.99232551e-08, -3.41783017e-07],
       [ 1.80522931e-07, -1.83009959e-07, -5.26733314e-08,
        -2.39570690e-07, -1.12225955e-08]]),('mpi', 'a2'): np.array([[ 1.00083492e-08, -9.66145647e-09, -3.77091609e-09,
         2.79279701e-10,  3.13502918e-09],
       [-7.69179367e-09,  7.43845766e-09,  2.89959201e-09,
        -2.34228505e-10, -2.39977007e-09],
       [-1.52356688e-08,  1.47152120e-08,  1.08239670e-08,
        -9.28014845e-09, -1.08006966e-09],
       [ 9.69887144e-10, -1.02173096e-09, -7.97667875e-09,
         1.36116527e-08, -5.47934005e-09],
       [ 1.35602128e-08, -1.30379564e-08, -1.15627738e-09,
        -6.82450786e-09,  7.38032411e-09]]),('mpi', 'alpha'): np.array([[ 7.46942639e-05],
       [ 6.98266447e-05],
       [-1.42353282e-04],
       [-9.52537778e-05],
       [-4.73661651e-05]]),('mpi', 'beta'): np.array([[ 1.26304611e-04],
       [-3.39427720e-05],
       [ 2.71150636e-05],
       [-9.19524807e-05],
       [-1.73373356e-04]]),('mpi', 'c'): np.array([[ 2.81168764e-04],
       [-3.03685329e-04],
       [ 6.66883815e-04],
       [ 7.67045092e-05],
       [-3.91020207e-04]]),('fpi', 'mpi'): np.array([[-1.51437510e-07, -1.02398477e-07, -2.02827760e-07,
         1.29118085e-08,  1.80522931e-07],
       [-1.35615023e-07,  1.26377536e-07,  2.06553103e-07,
        -1.43417370e-08, -1.83009959e-07],
       [-1.71781197e-07,  1.32088696e-07,  3.49290697e-07,
        -3.63371498e-07, -5.26733314e-08],
       [ 9.80396417e-09, -8.22246610e-09, -3.25774636e-07,
         9.99232551e-08, -2.39570690e-07],
       [ 1.95552698e-07, -1.49689679e-07, -6.73711549e-08,
        -3.41783017e-07, -1.12225955e-08]]),('fpi', 'fpi'): np.array([[ 4.61117448e-07,  6.78709835e-08,  8.59709978e-08,
        -4.90657065e-09, -9.78678741e-08],
       [ 6.78709835e-08,  4.66672821e-07, -8.75500294e-08,
         5.44995273e-09,  9.92161800e-08],
       [ 8.59709978e-08, -8.75500294e-08,  7.91427975e-07,
         1.38083517e-07,  2.85560783e-08],
       [-4.90657065e-09,  5.44995273e-09,  1.38083517e-07,
         3.91528986e-07,  1.29879755e-07],
       [-9.78678741e-08,  9.92161800e-08,  2.85560783e-08,
         1.29879755e-07,  7.33533901e-07]]),('fpi', 'a2'): np.array([[-5.00885884e-09,  4.83525010e-09,  1.88722295e-09,
        -1.39770562e-10, -1.56898188e-09],
       [ 5.09821645e-09, -4.93030220e-09, -1.92188563e-09,
         1.55249565e-10,  1.59059743e-09],
       [ 6.45782237e-09, -6.23722049e-09, -4.58786923e-09,
         3.93350309e-09,  4.57800580e-10],
       [-3.68563382e-10,  3.88264368e-10,  3.03118947e-09,
        -5.17251600e-09,  2.08218463e-09],
       [-7.35147158e-09,  7.06833790e-09,  6.26858916e-10,
         3.69980740e-09, -4.00113507e-09]]),('fpi', 'alpha'): np.array([[-3.73820912e-05],
       [-4.62819680e-05],
       [ 6.03381591e-05],
       [ 3.61970511e-05],
       [ 2.56788755e-05]]),('fpi', 'beta'): np.array([[-6.32114201e-05],
       [ 2.24976912e-05],
       [-1.14930475e-05],
       [ 3.49425369e-05],
       [ 9.39918363e-05]]),('fpi', 'c'): np.array([[-1.40715978e-04],
       [ 2.01286411e-04],
       [-2.82666766e-04],
       [-2.91482092e-05],
       [ 2.11985902e-04]]),('a2', 'mpi'): np.array([[ 1.00083492e-08, -7.69179367e-09, -1.52356688e-08,
         9.69887144e-10,  1.35602128e-08],
       [-9.66145647e-09,  7.43845766e-09,  1.47152120e-08,
        -1.02173096e-09, -1.30379564e-08],
       [-3.77091609e-09,  2.89959201e-09,  1.08239670e-08,
        -7.97667875e-09, -1.15627738e-09],
       [ 2.79279701e-10, -2.34228505e-10, -9.28014845e-09,
         1.36116527e-08, -6.82450786e-09],
       [ 3.13502918e-09, -2.39977007e-09, -1.08006966e-09,
        -5.47934005e-09,  7.38032411e-09]]),('a2', 'fpi'): np.array([[-5.00885884e-09,  5.09821645e-09,  6.45782237e-09,
        -3.68563382e-10, -7.35147158e-09],
       [ 4.83525010e-09, -4.93030220e-09, -6.23722049e-09,
         3.88264368e-10,  7.06833790e-09],
       [ 1.88722295e-09, -1.92188563e-09, -4.58786923e-09,
         3.03118947e-09,  6.26858916e-10],
       [-1.39770562e-10,  1.55249565e-10,  3.93350309e-09,
        -5.17251600e-09,  3.69980740e-09],
       [-1.56898188e-09,  1.59059743e-09,  4.57800580e-10,
         2.08218463e-09, -4.00113507e-09]]),('a2', 'a2'): np.array([[ 3.10154594e-06,  3.63206047e-10,  1.41761186e-10,
        -1.04990460e-11, -1.17856098e-10],
       [ 3.63206047e-10,  3.10157095e-06, -1.36918565e-10,
         1.10602563e-11,  1.13317002e-10],
       [ 1.41761186e-10, -1.36918565e-10,  1.40138741e-06,
         8.63476930e-11,  1.00495724e-11],
       [-1.04990460e-11,  1.10602563e-11,  8.63476930e-11,
         1.40134078e-06,  5.93139560e-11],
       [-1.17856098e-10,  1.13317002e-10,  1.00495724e-11,
         5.93139560e-11,  1.40142398e-06]]),
     ('a2', 'alpha'): np.array([[-2.80800399e-06], [-3.29721008e-06],[ 1.32453457e-06], [ 1.03112388e-06],[ 4.11674320e-07]]),
     ('a2', 'beta'): np.array([[-4.74820734e-06],
       [ 1.60277571e-06],
       [-2.52293721e-07],
       [ 9.95387281e-07],
       [ 1.50684267e-06]]),('a2', 'c'): np.array([[-1.05700622e-05],
       [ 1.43400035e-05],
       [-6.20506010e-06],
       [-8.30327712e-07],
       [ 3.39848028e-06]]),('alpha', 'mpi'): np.array([[ 7.46942639e-05,  6.98266447e-05, -1.42353282e-04,
        -9.52537778e-05, -4.73661651e-05]]),('alpha', 'fpi'): np.array([[-3.73820912e-05, -4.62819680e-05,  6.03381591e-05,
         3.61970511e-05,  2.56788755e-05]]),('alpha', 'a2'): np.array([[-2.80800399e-06, -3.29721008e-06,  1.32453457e-06,
         1.03112388e-06,  4.11674320e-07]]),('alpha', 'alpha'): np.array([[0.02634911]]),
     ('alpha', 'beta'): np.array([[0.01086198]]),
     ('alpha', 'c'): np.array([[-0.04855078]]),
     ('beta', 'mpi'): np.array([[ 1.26304611e-04, -3.39427720e-05,  2.71150636e-05,-9.19524807e-05, -1.73373356e-04]]),
     ('beta', 'fpi'): np.array([[-6.32114201e-05,  2.24976912e-05, -1.14930475e-05,3.49425369e-05,  9.39918363e-05]]),
     ('beta', 'a2'): np.array([[-4.74820734e-06,  1.60277571e-06, -2.52293721e-07, 9.95387281e-07,  1.50684267e-06]]),
     ('beta', 'alpha'): np.array([[0.01086198]]),
     ('beta', 'beta'): np.array([[0.03639439]]),
     ('beta', 'c'): np.array([[0.08901453]]),
     ('c', 'mpi'): np.array([[ 2.81168764e-04, -3.03685329e-04,  6.66883815e-04, 7.67045092e-05, -3.91020207e-04]]),
     ('c', 'fpi'): np.array([[-1.40715978e-04,  2.01286411e-04, -2.82666766e-04, -2.91482092e-05,  2.11985902e-04]]),
     ('c', 'a2'): np.array([[-1.05700622e-05,  1.43400035e-05, -6.20506010e-06, -8.30327712e-07,  3.39848028e-06]]),
     ('c', 'alpha'): np.array([[-0.04855078]]),
     ('c', 'beta'): np.array([[0.08901453]]),
     ('c', 'c'): np.array([[0.4805923]])},
    {('mpi', 'mpi'): np.array([[ 2.47588740e-06, -2.17332520e-09,  7.35894056e-08,
        -2.07009407e-09, -2.59043776e-08],
       [-2.17332520e-09,  1.66310432e-06,  1.02125248e-08,
        -2.57814717e-10, -3.52169552e-09],
       [ 7.35894056e-08,  1.02125248e-08,  6.06684811e-06,
        -8.06121893e-08,  2.09924153e-08],
       [-2.07009407e-09, -2.57814717e-10, -8.06121893e-08,
         3.03977059e-06, -2.31243137e-08],
       [-2.59043776e-08, -3.52169552e-09,  2.09924153e-08,
        -2.31243137e-08,  3.04073782e-06]]),
     ('mpi', 'fpi'): np.array([[-2.90300155e-07,  2.21353281e-08, -5.02055953e-09,
        -7.88562602e-10,  4.24161723e-09],
       [-7.69851686e-10,  2.49972785e-08, -6.96738729e-10,
        -9.82095677e-11,  5.76647107e-10],
       [ 2.60673958e-08, -1.04014617e-07, -8.87521738e-08,
        -3.07076662e-08, -3.43732599e-09],
       [-7.33284377e-10,  2.62584420e-09,  5.49968154e-09,
        -3.84740481e-07,  3.78640586e-09],
       [-9.17604453e-09,  3.58684867e-08, -1.43218538e-09,
        -8.80876342e-09, -4.60948988e-07]]),
     ('mpi', 'a2'): np.array([[-1.02381275e-09,  8.67279585e-10,  2.90339439e-10,
         6.21081699e-11, -1.91948767e-10],
       [-1.40132090e-10,  1.18764214e-10,  4.02924674e-11,
         7.73510752e-12, -2.60954007e-11],
       [ 4.74491219e-09, -4.07537460e-09, -3.18265985e-09,
         2.41857393e-09,  1.55551633e-10],
       [-1.33475933e-10,  1.02882643e-10, -3.18047110e-10,
         5.38251485e-10, -1.71348780e-10],
       [-1.67026756e-09,  1.40535555e-09,  8.28234175e-11,
         6.93789147e-10, -4.81213580e-10]]),
     ('mpi', 'alpha'): np.array([[-6.95033661e-06],
       [ 1.88507533e-06],
       [ 5.75879515e-05],
       [-6.20037190e-06],
       [ 6.66491526e-06]]),
     ('mpi', 'beta'): np.array([[ 4.09608505e-06],[ 1.35583000e-07], [ 4.76709397e-06],[ 1.16135579e-06], [-8.99914119e-06]]),
     ('mpi', 'c'): np.array([[-6.91480476e-05],[-7.91378989e-06],[-3.28478173e-04],[ 3.20740786e-06], [ 1.45960428e-04]]),
     ('fpi', 'mpi'): np.array([[-2.90300155e-07, -7.69851686e-10,  2.60673958e-08,
        -7.33284377e-10, -9.17604453e-09],
       [ 2.21353281e-08,  2.49972785e-08, -1.04014617e-07,
         2.62584420e-09,  3.58684867e-08],
       [-5.02055953e-09, -6.96738729e-10, -8.87521738e-08,
         5.49968154e-09, -1.43218538e-09],
       [-7.88562602e-10, -9.82095677e-11, -3.07076662e-08,
        -3.84740481e-07, -8.80876342e-09],
       [ 4.24161723e-09,  5.76647107e-10, -3.43732599e-09,
         3.78640586e-09, -4.60948988e-07]]),
     ('fpi', 'fpi'): np.array([[ 5.25806460e-07,  7.84094332e-09, -1.77842056e-09,
        -2.79330608e-10,  1.50249773e-09],
       [ 7.84094332e-09,  5.05005388e-07,  7.09628748e-09,
         1.00026494e-09, -5.87315370e-09],
       [-1.77842056e-09,  7.09628748e-09,  9.96670166e-07,
         2.09499812e-09,  2.34507938e-10],
       [-2.79330608e-10,  1.00026494e-09,  2.09499812e-09,
         5.70504120e-07,  1.44235863e-09],
       [ 1.50249773e-09, -5.87315370e-09,  2.34507938e-10,
         1.44235863e-09,  9.81370230e-07]]),
     ('fpi', 'a2'): np.array([[-3.62662693e-10,  3.07214333e-10,  1.02846232e-10,
         2.20004256e-11, -6.79935438e-11],
       [ 1.42724605e-09, -1.20961412e-09, -4.10378985e-10,
        -7.87821092e-11,  2.65781788e-10],
       [-3.23716627e-10,  2.78038131e-10,  2.17133609e-10,
        -1.65004654e-10, -1.06123460e-11],
       [-5.08450948e-11,  3.91911681e-11, -1.21153942e-10,
         2.05036572e-10, -6.52720287e-11],
       [ 2.73491831e-10, -2.30114786e-10, -1.35616165e-11,
        -1.13601957e-10,  7.87945514e-11]]),
     ('fpi', 'alpha'): np.array([[-2.46200079e-06],
       [-1.91995017e-05],
       [-3.92887721e-06],
       [-2.36191266e-06],
       [-1.09132209e-06]]),
     ('fpi', 'beta'): np.array([[ 1.45094622e-06],
       [-1.38091354e-06],
       [-3.25229955e-07],
       [ 4.42396197e-07],
       [ 1.47353134e-06]]),
     ('fpi', 'c'): np.array([[-2.44941443e-05],
       [ 8.06019900e-05],
       [ 2.24100767e-05],
       [ 1.22180046e-06],
       [-2.38997545e-05]]),
     ('a2', 'mpi'): np.array([[-1.02381275e-09, -1.40132090e-10,  4.74491219e-09,
        -1.33475933e-10, -1.67026756e-09],
       [ 8.67279585e-10,  1.18764214e-10, -4.07537460e-09,
         1.02882643e-10,  1.40535555e-09],
       [ 2.90339439e-10,  4.02924674e-11, -3.18265985e-09,
        -3.18047110e-10,  8.28234175e-11],
       [ 6.21081699e-11,  7.73510752e-12,  2.41857393e-09,
         5.38251485e-10,  6.93789147e-10],
       [-1.91948767e-10, -2.60954007e-11,  1.55551633e-10,
        -1.71348780e-10, -4.81213580e-10]]),
     ('a2', 'fpi'): np.array([[-3.62662693e-10,  1.42724605e-09, -3.23716627e-10,
        -5.08450948e-11,  2.73491831e-10],
       [ 3.07214333e-10, -1.20961412e-09,  2.78038131e-10,
         3.91911681e-11, -2.30114786e-10],
       [ 1.02846232e-10, -4.10378985e-10,  2.17133609e-10,
        -1.21153942e-10, -1.35616165e-11],
       [ 2.20004256e-11, -7.87821092e-11, -1.65004654e-10,
         2.05036572e-10, -1.13601957e-10],
       [-6.79935438e-11,  2.65781788e-10, -1.06123460e-11,
        -6.52720287e-11,  7.87945514e-11]]),
     ('a2', 'a2'): np.array([[ 3.10185618e-06,  5.59206239e-11,  1.87205635e-11,
         4.00462281e-12, -1.23765104e-11],
       [ 5.59206239e-11,  3.10187480e-06, -1.60789717e-11,
        -3.08674507e-12,  1.04135397e-11],
       [ 1.87205635e-11, -1.60789717e-11,  1.40147557e-06,
         9.54223493e-12,  6.13712984e-13],
       [ 4.00462281e-12, -3.08674507e-12,  9.54223493e-12,
         1.40147198e-06,  5.14090604e-12],
       [-1.23765104e-11,  1.04135397e-11,  6.13712984e-13,
         5.14090604e-12,  1.40148456e-06]]),
     ('a2', 'alpha'): np.array([[-4.48145173e-07],
       [-7.52251595e-07],
       [ 2.27207346e-07],
       [ 1.86027175e-07],
       [ 4.93863348e-08]]),
     ('a2', 'beta'): np.array([[ 2.64108179e-07],
       [-5.41052798e-08],
       [ 1.88080795e-08],
       [-3.48436739e-08],
       [-6.66827083e-08]]),
     ('a2', 'c'): np.array([[-4.45854143e-06],
       [ 3.15804943e-06],
       [-1.29597688e-06],
       [-9.62305214e-08],
       [ 1.08155172e-06]]),
     ('alpha', 'mpi'): np.array([[-6.95033661e-06,  1.88507533e-06,  5.75879515e-05, -6.20037190e-06,  6.66491526e-06]]),
     ('alpha', 'fpi'): np.array([[-2.46200079e-06, -1.91995017e-05, -3.92887721e-06, -2.36191266e-06, -1.09132209e-06]]),
     ('alpha', 'a2'): np.array([[-4.48145173e-07, -7.52251595e-07,  2.27207346e-07, 1.86027175e-07,  4.93863348e-08]]),
     ('alpha', 'alpha'): np.array([[0.00776905]]),
     ('alpha', 'beta'): np.array([[-0.00064698]]),
     ('alpha', 'c'): np.array([[-0.01283313]]),
     ('beta', 'mpi'): np.array([[ 4.09608505e-06,  1.35583000e-07,  4.76709397e-06,1.16135579e-06, -8.99914119e-06]]),
     ('beta', 'fpi'): np.array([[ 1.45094622e-06, -1.38091354e-06, -3.25229955e-07,
         4.42396197e-07,  1.47353134e-06]]),
     ('beta', 'a2'): np.array([[ 2.64108179e-07, -5.41052798e-08,  1.88080795e-08,
        -3.48436739e-08, -6.66827083e-08]]),
     ('beta', 'alpha'): np.array([[-0.00064698]]),
     ('beta', 'beta'): np.array([[0.00080303]]),
     ('beta', 'c'): np.array([[-0.01380517]]),
     ('c', 'mpi'): np.array([[-6.91480476e-05, -7.91378989e-06, -3.28478173e-04,3.20740786e-06,  1.45960428e-04]]),
     ('c', 'fpi'): np.array([[-2.44941443e-05,  8.06019900e-05,  2.24100767e-05,1.22180046e-06, -2.38997545e-05]]),
     ('c', 'a2'): np.array([[-4.45854143e-06,  3.15804943e-06, -1.29597688e-06,-9.62305214e-08,  1.08155172e-06]]),
     ('c', 'alpha'): np.array([[-0.01283313]]),
     ('c', 'beta'): np.array([[-0.01380517]]),('c', 'c'): np.array([[0.32236283]])},
    {('mpi', 'mpi'): np.array([[ 2.25452429e-06,  1.72433707e-07,  4.10376303e-07,
        -1.70194278e-08, -3.48064758e-07],
       [ 1.72433707e-07,  1.53779962e-06, -2.98814940e-07,
         1.40908973e-08,  2.52704852e-07],
       [ 4.10376303e-07, -2.98814940e-07,  5.59454661e-06,
         9.08741573e-07,  1.97245874e-07],
       [-1.70194278e-08,  1.40908973e-08,  9.08741573e-07,
         1.66428475e-06,  6.32120984e-07],
       [-3.48064758e-07,  2.52704852e-07,  1.97245874e-07,
         6.32120984e-07,  2.27358606e-06]]),('mpi', 'fpi'): np.array([[-1.59669431e-07, -1.35807648e-07, -1.71291337e-07,
         5.82616175e-09,  1.84026176e-07],
       [-9.08579221e-08,  1.20889650e-07,  1.24725551e-07,
        -4.82365490e-09, -1.33608205e-07],
       [-2.16233467e-07,  2.35344671e-07,  3.90059480e-07,
        -3.11084218e-07, -1.04286352e-07],
       [ 8.96779335e-09, -1.10978975e-08, -3.79309326e-07,
         9.90969042e-08, -3.34210243e-07],
       [ 1.83400573e-07, -1.99028670e-07, -8.23305567e-08,
        -2.16390300e-07, -3.16443320e-08]]),('mpi', 'a2'): np.array([[-3.72702325e-09,  4.02174845e-09,  1.52017671e-09,
        -7.93023410e-11, -1.76346051e-09],
       [ 2.70890351e-09, -2.92947907e-09, -1.10691458e-09,
         6.56567981e-11,  1.28032217e-09],
       [ 6.44694026e-09, -6.96939446e-09, -4.73778040e-09,
         4.23429828e-09,  9.99340786e-10],
       [-2.67372248e-10,  3.28648297e-10,  3.36629520e-09,
        -6.49269443e-09,  3.20262355e-09],
       [-5.46803674e-09,  5.89394825e-09,  7.30667396e-10,
         2.94537949e-09, -4.21578016e-09]]),('mpi', 'alpha'): np.array([[ 4.69872097e-05],
       [ 6.29309048e-05],
       [-1.39650376e-04],
       [-8.34523644e-05],
       [-2.81834617e-05]]),('mpi', 'beta'): np.array([[ 2.49922813e-04],
       [-6.97970636e-05],
       [ 2.69707697e-05],
       [-1.90324861e-04],
       [-3.31289464e-04]]),('mpi', 'c'): np.array([[ 2.72296428e-04],
       [-2.69840583e-04],
       [ 5.99307453e-04],
       [ 9.01736323e-05],
       [-3.16672033e-04]]),('fpi', 'mpi'): np.array([[-1.59669431e-07, -9.08579221e-08, -2.16233467e-07,
         8.96779335e-09,  1.83400573e-07],
       [-1.35807648e-07,  1.20889650e-07,  2.35344671e-07,
        -1.10978975e-08, -1.99028670e-07],
       [-1.71291337e-07,  1.24725551e-07,  3.90059480e-07,
        -3.79309326e-07, -8.23305567e-08],
       [ 5.82616175e-09, -4.82365490e-09, -3.11084218e-07,
         9.90969042e-08, -2.16390300e-07],
       [ 1.84026176e-07, -1.33608205e-07, -1.04286352e-07,
        -3.34210243e-07, -3.16443320e-08]]),('fpi', 'fpi'): np.array([[ 4.61931216e-07,  7.15590988e-08,  9.02559902e-08,
        -3.06989254e-09, -9.69661689e-08],
       [ 7.15590988e-08,  4.57966483e-07, -9.82330196e-08,
         3.79907871e-09,  1.05228939e-07],
       [ 9.02559902e-08, -9.82330196e-08,  7.77597046e-07,
         1.29846756e-07,  4.35291915e-08],
       [-3.06989254e-09,  3.79907871e-09,  1.29846756e-07,
         4.09817580e-07,  1.14408249e-07],
       [-9.69661689e-08,  1.05228939e-07,  4.35291915e-08,
         1.14408249e-07,  7.50510518e-07]]),('fpi', 'a2'): np.array([[ 1.96382479e-09, -2.11911994e-09, -8.01004050e-10,
         4.17856001e-11,  9.29193951e-10],
       [-2.13351450e-09,  2.30723835e-09,  8.71798607e-10,
        -5.17108601e-11, -1.00837327e-09],
       [-2.69095708e-09,  2.90902980e-09,  1.97755264e-09,
        -1.76739887e-09, -4.17125497e-10],
       [ 9.15279866e-11, -1.12504260e-10, -1.15236426e-09,
         2.22260632e-09, -1.09633549e-09],
       [ 2.89101918e-09, -3.11620390e-09, -3.86312959e-10,
        -1.55725885e-09,  2.22893551e-09]]),('fpi', 'alpha'): np.array([[-2.47582698e-05],
       [-4.95639646e-05],
       [ 5.82901581e-05],
       [ 2.85677625e-05],
       [ 1.49009475e-05]]),('fpi', 'beta'): np.array([[-1.31688101e-04],
       [ 5.49717058e-05],
       [-1.12576169e-05],
       [ 6.51528027e-05],
       [ 1.75156869e-04]]),('fpi', 'c'): np.array([[-1.43477097e-04],
       [ 2.12524659e-04],
       [-2.50151323e-04],
       [-3.08686151e-05],
       [ 1.67428451e-04]]),('a2', 'mpi'): np.array([[-3.72702325e-09,  2.70890351e-09,  6.44694026e-09,
        -2.67372248e-10, -5.46803674e-09],
       [ 4.02174845e-09, -2.92947907e-09, -6.96939446e-09,
         3.28648297e-10,  5.89394825e-09],
       [ 1.52017671e-09, -1.10691458e-09, -4.73778040e-09,
         3.36629520e-09,  7.30667396e-10],
       [-7.93023410e-11,  6.56567981e-11,  4.23429828e-09,
        -6.49269443e-09,  2.94537949e-09],
       [-1.76346051e-09,  1.28032217e-09,  9.99340786e-10,
         3.20262355e-09, -4.21578016e-09]]),('a2', 'fpi'): np.array([[ 1.96382479e-09, -2.13351450e-09, -2.69095708e-09,
         9.15279866e-11,  2.89101918e-09],
       [-2.11911994e-09,  2.30723835e-09,  2.90902980e-09,
        -1.12504260e-10, -3.11620390e-09],
       [-8.01004050e-10,  8.71798607e-10,  1.97755264e-09,
        -1.15236426e-09, -3.86312959e-10],
       [ 4.17856001e-11, -5.17108601e-11, -1.76739887e-09,
         2.22260632e-09, -1.55725885e-09],
       [ 9.29193951e-10, -1.00837327e-09, -4.17125497e-10,
        -1.09633549e-09,  2.22893551e-09]]),('a2', 'a2'): np.array([[ 3.10186364e-06,  6.31809678e-11,  2.38817115e-11,
        -1.24582597e-12, -2.77036575e-11],
       [ 6.31809678e-11,  3.10185387e-06, -2.58170637e-11,
         1.53134286e-12,  2.98615264e-11],
       [ 2.38817115e-11, -2.58170637e-11,  1.40147058e-06,
         1.56853152e-11,  3.70190623e-12],
       [-1.24582597e-12,  1.53134286e-12,  1.56853152e-11,
         1.40145787e-06,  1.49226841e-11],
       [-2.77036575e-11,  2.98615264e-11,  3.70190623e-12,
         1.49226841e-11,  1.40146677e-06]]),('a2', 'alpha'): np.array([[ 7.38160883e-07],
       [ 1.46776563e-06],
       [-5.17313616e-07],
       [-3.88847846e-07],
       [-1.42790732e-07]]),('a2', 'beta'): np.array([[ 3.92624387e-06],
       [-1.62790812e-06],
       [ 9.99091218e-08],
       [-8.86822233e-07],
       [-1.67846894e-06]]),('a2', 'c'): np.array([[ 4.27772948e-06],
       [-6.29361257e-06],
       [ 2.22004348e-06],
       [ 4.20165719e-07],
       [-1.60441013e-06]]),('alpha', 'mpi'): np.array([[ 4.69872097e-05,  6.29309048e-05, -1.39650376e-04,
        -8.34523644e-05, -2.81834617e-05]]),('alpha', 'fpi'): np.array([[-2.47582698e-05, -4.95639646e-05,  5.82901581e-05,
         2.85677625e-05,  1.49009475e-05]]),('alpha', 'a2'): np.array([[ 7.38160883e-07,  1.46776563e-06, -5.17313616e-07,
        -3.88847846e-07, -1.42790732e-07]]),('alpha', 'alpha'): np.array([[0.0202626]]),
     ('alpha', 'beta'): np.array([[0.01187466]]),
     ('alpha', 'c'): np.array([[-0.0513923]]),
     ('beta', 'mpi'): np.array([[ 2.49922813e-04, -6.97970636e-05,  2.69707697e-05, -1.90324861e-04, -3.31289464e-04]]),
     ('beta', 'fpi'): np.array([[-1.31688101e-04,  5.49717058e-05, -1.12576169e-05, 6.51528027e-05,  1.75156869e-04]]),
     ('beta', 'a2'): np.array([[ 3.92624387e-06, -1.62790812e-06,  9.99091218e-08, -8.86822233e-07, -1.67846894e-06]]),
     ('beta', 'alpha'): np.array([[0.01187466]]),
     ('beta', 'beta'): np.array([[0.14257253]]),
     ('beta', 'c'): np.array([[0.15464168]]),
     ('c', 'mpi'): np.array([[ 2.72296428e-04, -2.69840583e-04,  5.99307453e-04, 9.01736323e-05, -3.16672033e-04]]),
     ('c', 'fpi'): np.array([[-1.43477097e-04,  2.12524659e-04, -2.50151323e-04, -3.08686151e-05,  1.67428451e-04]]),
     ('c', 'a2'): np.array([[ 4.27772948e-06, -6.29361257e-06,  2.22004348e-06,4.20165719e-07, -1.60441013e-06]]),
     ('c', 'alpha'): np.array([[-0.0513923]]),
     ('c', 'beta'): np.array([[0.15464168]]),
     ('c', 'c'): np.array([[0.39748605]])},
    {('mpi', 'mpi'): np.array([[ 2.21965330e-06,  2.03687155e-07,  4.47324360e-07,
        -3.79054970e-08, -3.90261301e-07],
       [ 2.03687155e-07,  1.51059500e-06, -3.34568896e-07,
         3.02209849e-08,  2.90620718e-07],
       [ 4.47324360e-07, -3.34568896e-07,  5.49410325e-06,
         9.58273052e-07,  1.37883640e-07],
       [-3.79054970e-08,  3.02209849e-08,  9.58273052e-07,
         1.76981130e-06,  6.82869207e-07],
       [-3.90261301e-07,  2.90620718e-07,  1.37883640e-07,
         6.82869207e-07,  2.11378344e-06]]),
     ('mpi', 'fpi'): np.array([[-1.57132508e-07, -1.30758030e-07, -1.55000167e-07,
         1.30493142e-08,  1.70585134e-07],
       [-9.54711078e-08,  1.20061303e-07,  1.15929824e-07,
        -1.04038506e-08, -1.27031745e-07],
       [-2.09667380e-07,  2.14778245e-07,  3.34189736e-07,
        -3.29894267e-07, -6.02696172e-08],
       [ 1.77668532e-08, -1.94005186e-08, -3.32046488e-07,
         6.54646556e-08, -2.98485488e-07],
       [ 1.82921101e-07, -1.86565483e-07, -4.77773829e-08,
        -2.35083973e-07, -3.80198898e-08]]),
     ('mpi', 'a2'): np.array([[ 1.82975183e-08, -1.79561918e-08, -7.12337148e-09,
         7.64615913e-10,  6.01864208e-09],
       [-1.36964271e-08,  1.34708085e-08,  5.32780850e-09,
        -6.09606725e-10, -4.48197675e-09],
       [-3.00791942e-08,  2.94941683e-08,  2.19664582e-08,
        -1.93299358e-08, -2.12645291e-09],
       [ 2.54885919e-09, -2.66415326e-09, -1.52599222e-08,
         2.59790399e-08, -1.05312654e-08],
       [ 2.62421332e-08, -2.56198842e-08, -2.19571407e-09,
        -1.37745895e-08,  1.52971082e-08]]),
     ('mpi', 'alpha'): np.array([[ 1.00053757e-04],
       [ 7.35008336e-05],
       [-1.66157350e-04],
       [-1.22429833e-04],
       [-7.56293505e-05]]),('mpi', 'beta'): np.array([[-4.07259322e-05],
       [ 1.11376966e-05],
       [-8.85403754e-06],
       [ 3.06860741e-05],
       [ 5.57292313e-05]]),('mpi', 'c'): np.array([[ 3.13538072e-04],
       [-3.40531005e-04],
       [ 7.90389171e-04],
       [ 9.04068692e-05],
       [-4.31162374e-04]]),('fpi', 'mpi'): np.array([[-1.57132508e-07, -9.54711078e-08, -2.09667380e-07,
         1.77668532e-08,  1.82921101e-07],
       [-1.30758030e-07,  1.20061303e-07,  2.14778245e-07,
        -1.94005186e-08, -1.86565483e-07],
       [-1.55000167e-07,  1.15929824e-07,  3.34189736e-07,
        -3.32046488e-07, -4.77773829e-08],
       [ 1.30493142e-08, -1.04038506e-08, -3.29894267e-07,
         6.54646556e-08, -2.35083973e-07],
       [ 1.70585134e-07, -1.27031745e-07, -6.02696172e-08,
        -2.98485488e-07, -3.80198898e-08]]),('fpi', 'fpi'): np.array([[ 4.68017565e-07,  6.12881750e-08,  7.26508139e-08,
        -6.11640180e-09, -7.99557128e-08],
       [ 6.12881750e-08,  4.72905292e-07, -7.44217546e-08,
         6.67880606e-09,  8.15486901e-08],
       [ 7.26508139e-08, -7.44217546e-08,  8.34803533e-07,
         1.14310042e-07,  2.08837290e-08],
       [-6.11640180e-09,  6.67880606e-09,  1.14310042e-07,
         4.20472804e-07,  1.02756360e-07],
       [-7.99557128e-08,  8.15486901e-08,  2.08837290e-08,
         1.02756360e-07,  7.93598978e-07]]),('fpi', 'a2'): np.array([[-8.57631076e-09,  8.41632610e-09,  3.33882696e-09,
        -3.58386508e-10, -2.82102436e-09],
       [ 8.79249272e-09, -8.64765569e-09, -3.42021442e-09,
         3.91340213e-10,  2.87722832e-09],
       [ 1.04225938e-08, -1.02198794e-08, -7.61148953e-09,
         6.69792109e-09,  7.36826752e-10],
       [-8.77468098e-10,  9.17159139e-10,  5.25336784e-09,
        -8.94352219e-09,  3.62548448e-09],
       [-1.14705655e-08,  1.11985774e-08,  9.59757416e-10,
         6.02094080e-09, -6.68644120e-09]]),('fpi', 'alpha'): np.array([[-4.68966390e-05],
       [-4.71842430e-05],
       [ 5.75743671e-05],
       [ 4.21475904e-05],
       [ 3.30579609e-05]]),('fpi', 'beta'): np.array([[ 1.90888319e-05],
       [-7.14990232e-06],
       [ 3.06796905e-06],
       [-1.05639618e-05],
       [-2.43595210e-05]]),('fpi', 'c'): np.array([[-1.46959817e-04],
       [ 2.18605652e-04],
       [-2.73873869e-04],
       [-3.11233920e-05],
       [ 1.88463194e-04]]),('a2', 'mpi'): np.array([[ 1.82975183e-08, -1.36964271e-08, -3.00791942e-08,
         2.54885919e-09,  2.62421332e-08],
       [-1.79561918e-08,  1.34708085e-08,  2.94941683e-08,
        -2.66415326e-09, -2.56198842e-08],
       [-7.12337148e-09,  5.32780850e-09,  2.19664582e-08,
        -1.52599222e-08, -2.19571407e-09],
       [ 7.64615913e-10, -6.09606725e-10, -1.93299358e-08,
         2.59790399e-08, -1.37745895e-08],
       [ 6.01864208e-09, -4.48197675e-09, -2.12645291e-09,
        -1.05312654e-08,  1.52971082e-08]]),('a2', 'fpi'): np.array([[-8.57631076e-09,  8.79249272e-09,  1.04225938e-08,
        -8.77468098e-10, -1.14705655e-08],
       [ 8.41632610e-09, -8.64765569e-09, -1.02198794e-08,
         9.17159139e-10,  1.11985774e-08],
       [ 3.33882696e-09, -3.42021442e-09, -7.61148953e-09,
         5.25336784e-09,  9.59757416e-10],
       [-3.58386508e-10,  3.91340213e-10,  6.69792109e-09,
        -8.94352219e-09,  6.02094080e-09],
       [-2.82102436e-09,  2.87722832e-09,  7.36826752e-10,
         3.62548448e-09, -6.68644120e-09]]),('a2', 'a2'): np.array([[ 3.10069182e-06,  1.20741866e-09,  4.78993082e-10,
        -5.14146614e-11, -4.04708350e-10],
       [ 1.20741866e-09,  3.10073466e-06, -4.69676897e-10,
         5.37403316e-11,  3.95111974e-10],
       [ 4.78993082e-10, -4.69676897e-10,  1.40113832e-06,
         3.07817605e-10,  3.38624840e-11],
       [-5.14146614e-11,  5.37403316e-11,  3.07817605e-10,
         1.40096409e-06,  2.12432859e-10],
       [-4.04708350e-10,  3.95111974e-10,  3.38624840e-11,
         2.12432859e-10,  1.40125221e-06]]),('a2', 'alpha'): np.array([[-6.72786157e-06],
       [-6.47952033e-06],
       [ 2.64595589e-06],
       [ 2.46961011e-06],
       [ 1.16636210e-06]]),('a2', 'beta'): np.array([[ 2.73851221e-06],
       [-9.81851875e-07],
       [ 1.40995224e-07],
       [-6.18988336e-07],
       [-8.59460816e-07]]),('a2', 'c'): np.array([[-2.10830739e-05],
       [ 3.00197625e-05],
       [-1.25864723e-05],
       [-1.82365451e-06],
       [ 6.64942180e-06]]),('alpha', 'mpi'): np.array([[ 1.00053757e-04,  7.35008336e-05, -1.66157350e-04,
        -1.22429833e-04, -7.56293505e-05]]),('alpha', 'fpi'): np.array([[-4.68966390e-05, -4.71842430e-05,  5.75743671e-05,
         4.21475904e-05,  3.30579609e-05]]),('alpha', 'a2'): np.array([[-6.72786157e-06, -6.47952033e-06,  2.64595589e-06,
         2.46961011e-06,  1.16636210e-06]]),('alpha', 'alpha'): np.array([[0.03586887]]),('alpha', 'beta'): np.array([[-0.00513206]]),('alpha', 'c'): np.array([[-0.04940076]]),('beta', 'mpi'): np.array([[-4.07259322e-05,  1.11376966e-05, -8.85403754e-06,
         3.06860741e-05,  5.57292313e-05]]),('beta', 'fpi'): np.array([[ 1.90888319e-05, -7.14990232e-06,  3.06796905e-06,
        -1.05639618e-05, -2.43595210e-05]]),('beta', 'a2'): np.array([[ 2.73851221e-06, -9.81851875e-07,  1.40995224e-07,
        -6.18988336e-07, -8.59460816e-07]]),('beta', 'alpha'): np.array([[-0.00513206]]),('beta', 'beta'): np.array([[0.00356049]]),('beta', 'c'): np.array([[-0.0299665]]),('c', 'mpi'): np.array([[ 3.13538072e-04, -3.40531005e-04,  7.90389171e-04,
         9.04068692e-05, -4.31162374e-04]]),('c', 'fpi'): np.array([[-1.46959817e-04,  2.18605652e-04, -2.73873869e-04,
        -3.11233920e-05,  1.88463194e-04]]),('c', 'a2'): np.array([[-2.10830739e-05,  3.00197625e-05, -1.25864723e-05,
        -1.82365451e-06,  6.64942180e-06]]),('c', 'alpha'): np.array([[-0.04940076]]),('c', 'beta'): np.array([[-0.0299665]]),('c', 'c'): np.array([[0.57661751]])}
]